fecha	objective	metric	first_metric_only	boost_from_average	feature_pre_filter	verbosity	max_depth	min_gain_to_split	lambda_l1	lambda_l2	max_bin	num_iterations	force_row_wise	seed	learning_rate	feature_fraction	min_data_in_leaf	num_leaves	prob_corte	ganancia	iteracion
20220605 234420	binary	custom	TRUE	TRUE	FALSE	-100	-1	0	0	0	31	36	TRUE	999983	0.151901381306583	0.619410483157262	5170	135	0.0451017896120902	8805000	1
20220605 234435	binary	custom	TRUE	TRUE	FALSE	-100	-1	0	0	0	31	23	TRUE	999983	0.180098855339689	0.587281889338046	771	502	0.0310869299079059	9454000	2
20220605 234448	binary	custom	TRUE	TRUE	FALSE	-100	-1	0	0	0	31	71	TRUE	999983	0.139630788899725	0.802808788437396	4125	669	0.0407997648964132	8641000	3
20220605 234541	binary	custom	TRUE	TRUE	FALSE	-100	-1	0	0	0	31	449	TRUE	999983	0.0161137594747124	0.927282247226685	4425	765	0.0314076547986285	11552000	4
20220605 234551	binary	custom	TRUE	TRUE	FALSE	-100	-1	0	0	0	31	24	TRUE	999983	0.236490177537664	0.686046139691025	2011	981	0.0388403578079306	9129000	5
20220605 234614	binary	custom	TRUE	TRUE	FALSE	-100	-1	0	0	0	31	47	TRUE	999983	0.122791214828845	0.538663114644587	7018	217	0.0364140657800211	10474000	6
20220605 234626	binary	custom	TRUE	TRUE	FALSE	-100	-1	0	0	0	31	23	TRUE	999983	0.16361991640809	0.652561687920243	1577	464	0.0209797919339811	11524000	7
20220605 234637	binary	custom	TRUE	TRUE	FALSE	-100	-1	0	0	0	31	23	TRUE	999983	0.192281282315031	0.486608095392585	5993	871	0.042752235311491	9053000	8
20220605 234654	binary	custom	TRUE	TRUE	FALSE	-100	-1	0	0	0	31	62	TRUE	999983	0.076231850871467	0.983491065045819	1613	322	0.0285537628578216	11394000	9
20220605 234702	binary	custom	TRUE	TRUE	FALSE	-100	-1	0	0	0	31	23	TRUE	999983	0.28127249437978	0.211549867158756	7759	541	0.0163442976316825	13049000	10
20220605 234717	binary	custom	TRUE	TRUE	FALSE	-100	-1	0	0	0	31	48	TRUE	999983	0.0887549562191125	0.384109919881448	5356	617	0.0126846214969798	12967000	11
20220605 234747	binary	custom	TRUE	TRUE	FALSE	-100	-1	0	0	0	31	138	TRUE	999983	0.0406814144611126	0.445438452204689	3858	29	0.017780144920592	13509000	12
20220605 234757	binary	custom	TRUE	TRUE	FALSE	-100	-1	0	0	0	31	11	TRUE	999983	0.249664142501424	0.35340142801404	1129	68	0.0107028156072677	11490000	13
20220605 234808	binary	custom	TRUE	TRUE	FALSE	-100	-1	0	0	0	31	37	TRUE	999983	0.22177919864899	0.274183005057275	3580	258	0.0498705688636013	7962000	14
20220605 234817	binary	custom	TRUE	TRUE	FALSE	-100	-1	0	0	0	31	12	TRUE	999983	0.292153337964788	0.308115688636899	2408	697	0.0203930671341368	11416000	15
20220605 234839	binary	custom	TRUE	TRUE	FALSE	-100	-1	0	0	0	31	163	TRUE	999983	0.035449965307489	0.917916693808511	6377	375	0.0461814290727489	8404000	16
20220605 234901	binary	custom	TRUE	TRUE	FALSE	-100	-1	0	0	0	31	1	TRUE	999983	0.206721027827007	0.86846025810577	82	808	0.0270705314556835	5515000	17
20220605 234914	binary	custom	TRUE	TRUE	FALSE	-100	-1	0	0	0	31	104	TRUE	999983	0.0989593965470558	0.795828175032511	7230	934	0.0100150467890974	11990000	18
20220605 234922	binary	custom	TRUE	TRUE	FALSE	-100	-1	0	0	0	31	34	TRUE	999983	0.258609835138544	0.744739553062245	6495	290	0.0234694743305833	12267000	19
20220605 234950	binary	custom	TRUE	TRUE	FALSE	-100	-1	0	0	0	31	140	TRUE	999983	0.0573898878245382	0.43513164809905	2994	916	0.0337888582367062	11238000	20
20220605 235011	binary	custom	TRUE	TRUE	FALSE	-100	-1	0	0	0	31	117	TRUE	999983	0.0591176952484298	0.269475887501552	5463	328	0.0195235820524984	13105000	21
20220605 235156	binary	custom	TRUE	TRUE	FALSE	-100	-1	0	0	0	31	457	TRUE	999983	0.0101367919335826	0.502381767142867	2893	265	0.0175128632274206	13511000	22
20220605 235339	binary	custom	TRUE	TRUE	FALSE	-100	-1	0	0	0	31	945	TRUE	999983	0.0113781616706723	0.260165733614447	2383	16	0.0229396682863298	13097000	23
20220605 235511	binary	custom	TRUE	TRUE	FALSE	-100	-1	0	0	0	31	910	TRUE	999983	0.0100012662186055	0.99539351499018	4650	72	0.0154671276348447	13082000	24
20220605 235658	binary	custom	TRUE	TRUE	FALSE	-100	-1	0	0	0	31	761	TRUE	999983	0.0104166236357381	0.606762671442587	3898	237	0.020432374963247	13310000	25
20220605 235708	binary	custom	TRUE	TRUE	FALSE	-100	-1	0	0	0	31	44	TRUE	999983	0.275705354736757	0.206458672737507	6836	16	0.00849228562398722	11208000	26
20220605 235725	binary	custom	TRUE	TRUE	FALSE	-100	-1	0	0	0	31	46	TRUE	999983	0.100145442390681	0.50015610534006	3003	44	0.0176074628177289	13021000	27
20220605 235908	binary	custom	TRUE	TRUE	FALSE	-100	-1	0	0	0	31	628	TRUE	999983	0.0100592671343709	0.239168422506028	3810	419	0.0154370986394214	13556000	28
20220606 000048	binary	custom	TRUE	TRUE	FALSE	-100	-1	0	0	0	31	485	TRUE	999983	0.010017030305989	0.40829799396426	4335	186	0.0158516150590525	13522000	29
20220606 000217	binary	custom	TRUE	TRUE	FALSE	-100	-1	0	0	0	31	644	TRUE	999983	0.0102834399073342	0.237218657525198	7999	741	0.0190339083584762	13367000	30
20220606 000443	binary	custom	TRUE	TRUE	FALSE	-100	-1	0	0	0	31	1401	TRUE	999983	0.0100579254251854	0.238025663562691	5221	1016	0.0177345020193493	13533000	31
20220606 000453	binary	custom	TRUE	TRUE	FALSE	-100	-1	0	0	0	31	29	TRUE	999983	0.192402505021203	0.200380492930517	7990	1023	0.0204645165813375	13004000	32
20220606 000706	binary	custom	TRUE	TRUE	FALSE	-100	-1	0	0	0	31	982	TRUE	999983	0.0100635582543975	0.393709955003526	4600	602	0.0175816929760016	13591000	33
20220606 000904	binary	custom	TRUE	TRUE	FALSE	-100	-1	0	0	0	31	938	TRUE	999983	0.0106329674029169	0.221379872217046	6452	833	0.0174731508740464	13651000	34
20220606 001115	binary	custom	TRUE	TRUE	FALSE	-100	-1	0	0	0	31	981	TRUE	999983	0.0100009079514329	0.421515126566936	6493	1023	0.0191945182461836	13503000	35
20220606 001256	binary	custom	TRUE	TRUE	FALSE	-100	-1	0	0	0	31	569	TRUE	999983	0.0100111608697186	0.484483026459607	2021	22	0.0148229071431305	13592000	36
20220606 001503	binary	custom	TRUE	TRUE	FALSE	-100	-1	0	0	0	31	953	TRUE	999983	0.0100142365903691	0.239783140869606	2042	397	0.0153074179874068	13302000	37
20220606 001646	binary	custom	TRUE	TRUE	FALSE	-100	-1	0	0	0	31	709	TRUE	999983	0.0100641788302434	0.357853598772635	5822	783	0.0178495318293201	13513000	38
20220606 001740	binary	custom	TRUE	TRUE	FALSE	-100	-1	0	0	0	31	44	TRUE	999983	0.0101909496106907	0.517509912965219	2518	17	0.00836975323775944	11620000	39
20220606 001846	binary	custom	TRUE	TRUE	FALSE	-100	-1	0	0	0	31	510	TRUE	999983	0.0185182200159087	0.247781634373348	7408	931	0.0159348473977598	13218000	40
20220606 002015	binary	custom	TRUE	TRUE	FALSE	-100	-1	0	0	0	31	646	TRUE	999983	0.0101735345681021	0.22180858939515	6454	958	0.0214690129791998	13216000	41
20220606 002154	binary	custom	TRUE	TRUE	FALSE	-100	-1	0	0	0	31	818	TRUE	999983	0.0101388848797558	0.236454585945561	2464	19	0.0171754216529469	13627000	42
20220606 002302	binary	custom	TRUE	TRUE	FALSE	-100	-1	0	0	0	31	465	TRUE	999983	0.0106497602631547	0.615370672100746	6603	499	0.0172469545833925	13319000	43
20220606 002424	binary	custom	TRUE	TRUE	FALSE	-100	-1	0	0	0	31	623	TRUE	999983	0.010483317778508	0.201855105245685	5972	620	0.0181338968297377	13349000	44
20220606 002601	binary	custom	TRUE	TRUE	FALSE	-100	-1	0	0	0	31	585	TRUE	999983	0.0100258511820103	0.415350627526397	4141	17	0.0294903837881351	11995000	45
20220606 002626	binary	custom	TRUE	TRUE	FALSE	-100	-1	0	0	0	31	125	TRUE	999983	0.0373709927866001	0.20047745045346	4243	836	0.0172347462614252	13302000	46
20220606 002758	binary	custom	TRUE	TRUE	FALSE	-100	-1	0	0	0	31	549	TRUE	999983	0.0104265021581419	0.591094295183819	4213	431	0.0170782646825326	13602000	47
20220606 002812	binary	custom	TRUE	TRUE	FALSE	-100	-1	0	0	0	31	20	TRUE	999983	0.298258206735055	0.214438156098916	6600	964	0.0172981908273376	12669000	48
20220606 003000	binary	custom	TRUE	TRUE	FALSE	-100	-1	0	0	0	31	559	TRUE	999983	0.0100904606403769	0.526123810410632	3954	518	0.0148029556394544	13780000	49
20220606 003156	binary	custom	TRUE	TRUE	FALSE	-100	-1	0	0	0	31	1184	TRUE	999983	0.0100286540050517	0.967720876257886	3819	551	0.0142732278941741	13061000	50
20220606 003206	binary	custom	TRUE	TRUE	FALSE	-100	-1	0	0	0	31	28	TRUE	999983	0.199770329005459	0.212238162290177	7996	17	0.0205861466183942	13197000	51
20220606 003314	binary	custom	TRUE	TRUE	FALSE	-100	-1	0	0	0	31	373	TRUE	999983	0.0114670501537737	0.582507233042616	8000	16	0.0202639299689078	12890000	52
20220606 003321	binary	custom	TRUE	TRUE	FALSE	-100	-1	0	0	0	31	14	TRUE	999983	0.299780159634274	0.200747300543857	7989	435	0.0207259846378808	12635000	53
20220606 003328	binary	custom	TRUE	TRUE	FALSE	-100	-1	0	0	0	31	18	TRUE	999983	0.29858596434867	0.704750348325954	7936	16	0.0172138838600618	12700000	54
20220606 003340	binary	custom	TRUE	TRUE	FALSE	-100	-1	0	0	0	31	27	TRUE	999983	0.222974181487906	0.489675824920209	4576	502	0.0148014963123932	13035000	55
20220606 003442	binary	custom	TRUE	TRUE	FALSE	-100	-1	0	0	0	31	391	TRUE	999983	0.0168599151272773	0.395292859323367	7977	1022	0.03168370630415	11166000	56
20220606 003644	binary	custom	TRUE	TRUE	FALSE	-100	-1	0	0	0	31	754	TRUE	999983	0.0100485556450036	0.459864575262827	3821	490	0.0157024959481257	13587000	57
20220606 003827	binary	custom	TRUE	TRUE	FALSE	-100	-1	0	0	0	31	517	TRUE	999983	0.0100527459083809	0.52331119882788	4390	404	0.0143185665133463	13515000	58
20220606 004016	binary	custom	TRUE	TRUE	FALSE	-100	-1	0	0	0	31	732	TRUE	999983	0.0100273210640287	0.279357338579599	4118	625	0.014519486214253	13483000	59
20220606 004112	binary	custom	TRUE	TRUE	FALSE	-100	-1	0	0	0	31	469	TRUE	999983	0.0207553116453675	0.229473112131762	6687	17	0.0149078764856781	13269000	60
20220606 004243	binary	custom	TRUE	TRUE	FALSE	-100	-1	0	0	0	31	615	TRUE	999983	0.0103658237521032	0.58151507358108	7986	926	0.0177565569074419	13442000	61
20220606 004427	binary	custom	TRUE	TRUE	FALSE	-100	-1	0	0	0	31	689	TRUE	999983	0.0102234461525333	0.317277229064979	3768	32	0.0148908608957222	13470000	62
20220606 004520	binary	custom	TRUE	TRUE	FALSE	-100	-1	0	0	0	31	250	TRUE	999983	0.0100293544097789	0.610018101766739	557	17	0.0175075446917724	13089000	63
20220606 004607	binary	custom	TRUE	TRUE	FALSE	-100	-1	0	0	0	31	428	TRUE	999983	0.0263956039304219	0.20051289531537	8000	27	0.0174026880935659	13318000	64
20220606 004716	binary	custom	TRUE	TRUE	FALSE	-100	-1	0	0	0	31	401	TRUE	999983	0.0101547319670187	0.201514460470854	4454	102	0.0177054667074414	13341000	65
20220606 004731	binary	custom	TRUE	TRUE	FALSE	-100	-1	0	0	0	31	76	TRUE	999983	0.102789981893315	0.230830868344829	7803	838	0.017709765139016	13331000	66
20220606 004741	binary	custom	TRUE	TRUE	FALSE	-100	-1	0	0	0	31	38	TRUE	999983	0.192480908977851	0.212510817358316	7991	227	0.01525340642109	13077000	67
20220606 004752	binary	custom	TRUE	TRUE	FALSE	-100	-1	0	0	0	31	33	TRUE	999983	0.142252496831189	0.202642856749998	7986	17	0.0244637681200948	12865000	68
20220606 004905	binary	custom	TRUE	TRUE	FALSE	-100	-1	0	0	0	31	489	TRUE	999983	0.0101149590675924	0.615708375597256	6338	842	0.017386962329505	13457000	69
20220606 005052	binary	custom	TRUE	TRUE	FALSE	-100	-1	0	0	0	31	580	TRUE	999983	0.0110342216322528	0.551362647147396	4691	544	0.014958728368827	13686000	70
20220606 005235	binary	custom	TRUE	TRUE	FALSE	-100	-1	0	0	0	31	524	TRUE	999983	0.0101371669362763	0.571568110781463	3217	550	0.0118295277434583	13023000	71
20220606 005243	binary	custom	TRUE	TRUE	FALSE	-100	-1	0	0	0	31	28	TRUE	999983	0.299606326374095	0.629354230360675	7991	579	0.0127970723992009	12251000	72
20220606 005339	binary	custom	TRUE	TRUE	FALSE	-100	-1	0	0	0	31	516	TRUE	999983	0.0134757555034516	0.999641413881839	4052	17	0.0234631514807376	12339000	73
20220606 005403	binary	custom	TRUE	TRUE	FALSE	-100	-1	0	0	0	31	203	TRUE	999983	0.0333529986261571	0.691164198950044	7999	16	0.0151486089912343	13324000	74
20220606 005428	binary	custom	TRUE	TRUE	FALSE	-100	-1	0	0	0	31	100	TRUE	999983	0.043381834093058	0.593426352428628	3942	533	0.01483457174766	13521000	75
20220606 005637	binary	custom	TRUE	TRUE	FALSE	-100	-1	0	0	0	31	1085	TRUE	999983	0.0100549502414286	0.207396757602379	3716	516	0.0198363780502152	13193000	76
20220606 005646	binary	custom	TRUE	TRUE	FALSE	-100	-1	0	0	0	31	9	TRUE	999983	0.261824634944335	0.219778214610565	4631	17	0.0218110970852819	12615000	77
20220606 005717	binary	custom	TRUE	TRUE	FALSE	-100	-1	0	0	0	31	178	TRUE	999983	0.0333731138990328	0.203638481950055	7639	312	0.0230438923213369	12884000	78
20220606 005726	binary	custom	TRUE	TRUE	FALSE	-100	-1	0	0	0	31	17	TRUE	999983	0.284788613516985	0.200833750713562	3968	1023	0.00833419440614993	11388000	79
20220606 005905	binary	custom	TRUE	TRUE	FALSE	-100	-1	0	0	0	31	716	TRUE	999983	0.0121571415594109	0.319818354865759	7992	530	0.0146795831402555	13245000	80
20220606 005932	binary	custom	TRUE	TRUE	FALSE	-100	-1	0	0	0	31	235	TRUE	999983	0.0399932316510649	0.976782591550721	7996	264	0.0287063065454743	11628000	81
20220606 010143	binary	custom	TRUE	TRUE	FALSE	-100	-1	0	0	0	31	1141	TRUE	999983	0.0102114141593816	0.204310263133659	4041	307	0.0249094722075672	12282000	82
20220606 010244	binary	custom	TRUE	TRUE	FALSE	-100	-1	0	0	0	31	503	TRUE	999983	0.0104790736410322	0.787215894394356	1393	23	0.0334708353504229	10558000	83
20220606 010449	binary	custom	TRUE	TRUE	FALSE	-100	-1	0	0	0	31	653	TRUE	999983	0.0101330296070355	0.533601440869139	4150	995	0.0129776788492044	13467000	84
20220606 010637	binary	custom	TRUE	TRUE	FALSE	-100	-1	0	0	0	31	1013	TRUE	999983	0.0106676263109349	0.20858353455954	7287	945	0.018391432065472	13458000	85
20220606 010816	binary	custom	TRUE	TRUE	FALSE	-100	-1	0	0	0	31	736	TRUE	999983	0.0122108663708699	0.369755847529363	6557	1023	0.0172854226632159	13534000	86
20220606 011004	binary	custom	TRUE	TRUE	FALSE	-100	-1	0	0	0	31	550	TRUE	999983	0.0102178265382482	0.520643094459074	4402	891	0.0147437364579249	13859000	87
20220606 011146	binary	custom	TRUE	TRUE	FALSE	-100	-1	0	0	0	31	555	TRUE	999983	0.0105154717263691	0.592245945080137	3416	1016	0.0148664143038122	13811000	88
20220606 011331	binary	custom	TRUE	TRUE	FALSE	-100	-1	0	0	0	31	514	TRUE	999983	0.0100951662039457	0.541197737517924	3667	919	0.0147999016515714	13787000	89
20220606 011439	binary	custom	TRUE	TRUE	FALSE	-100	-1	0	0	0	31	151	TRUE	999983	0.0101225620186711	0.683277180956012	1381	1024	0.0144442452589719	13322000	90
20220606 011450	binary	custom	TRUE	TRUE	FALSE	-100	-1	0	0	0	31	56	TRUE	999983	0.144270214374284	0.697006105100608	4212	1024	0.0145322202166506	12796000	91
20220606 011627	binary	custom	TRUE	TRUE	FALSE	-100	-1	0	0	0	31	471	TRUE	999983	0.0103960620512487	0.538372181067959	4402	1020	0.0147570810255752	13734000	92
20220606 011813	binary	custom	TRUE	TRUE	FALSE	-100	-1	0	0	0	31	556	TRUE	999983	0.010017639691617	0.537109711652091	4236	855	0.0147660329748293	13633000	93
20220606 011945	binary	custom	TRUE	TRUE	FALSE	-100	-1	0	0	0	31	528	TRUE	999983	0.0100088705825476	0.369873775716743	4896	906	0.0173588207796596	13544000	94
20220606 012056	binary	custom	TRUE	TRUE	FALSE	-100	-1	0	0	0	31	517	TRUE	999983	0.0100124674362747	0.743570603304992	3951	241	0.0159881114728989	13327000	95
20220606 012159	binary	custom	TRUE	TRUE	FALSE	-100	-1	0	0	0	31	508	TRUE	999983	0.0101497060918586	0.996716594666351	8000	321	0.0148137491012402	13134000	96
20220606 012256	binary	custom	TRUE	TRUE	FALSE	-100	-1	0	0	0	31	462	TRUE	999983	0.0100702551170451	0.870993317200023	7455	19	0.0148025755576987	13061000	97
20220606 012410	binary	custom	TRUE	TRUE	FALSE	-100	-1	0	0	0	31	378	TRUE	999983	0.0170491837108822	0.513707755020297	2711	1002	0.0164265424148203	13688000	98
20220606 012602	binary	custom	TRUE	TRUE	FALSE	-100	-1	0	0	0	31	654	TRUE	999983	0.0101087711211079	0.510380076299665	4812	940	0.0169300929130834	13819000	99
20220606 012646	binary	custom	TRUE	TRUE	FALSE	-100	-1	0	0	0	31	388	TRUE	999983	0.0193146891780574	0.999416036569628	4925	413	0.0193660835792272	12964000	100
20220606 012700	binary	custom	TRUE	TRUE	FALSE	-100	-1	0	0	0	31	58	TRUE	999983	0.172776841921242	0.390578503992119	7843	16	0.0171509222118718	13438000	101
20220606 012708	binary	custom	TRUE	TRUE	FALSE	-100	-1	0	0	0	31	31	TRUE	999983	0.233093192688581	0.999779897219078	7993	159	0.0145136348156121	12770000	102
20220606 012838	binary	custom	TRUE	TRUE	FALSE	-100	-1	0	0	0	31	580	TRUE	999983	0.0108639908468509	0.38363506776252	6655	30	0.0175994239803702	13715000	103
20220606 013006	binary	custom	TRUE	TRUE	FALSE	-100	-1	0	0	0	31	306	TRUE	999983	0.010484698777247	0.211276376152532	722	1023	0.01454014161613	12958000	104
20220606 013121	binary	custom	TRUE	TRUE	FALSE	-100	-1	0	0	0	31	355	TRUE	999983	0.0104725255677351	0.997067438511108	1747	212	0.0145585750471068	13411000	105
20220606 013340	binary	custom	TRUE	TRUE	FALSE	-100	-1	0	0	0	31	1114	TRUE	999983	0.0102990363547611	0.387729276961447	7994	135	0.0176771701649473	13160000	106
20220606 013443	binary	custom	TRUE	TRUE	FALSE	-100	-1	0	0	0	31	611	TRUE	999983	0.0111049971064594	0.997879549575395	7569	1022	0.0169540795851607	13022000	107
20220606 013613	binary	custom	TRUE	TRUE	FALSE	-100	-1	0	0	0	31	470	TRUE	999983	0.0107429633536675	0.50638562150076	6259	904	0.0150801386932038	13655000	108
20220606 013733	binary	custom	TRUE	TRUE	FALSE	-100	-1	0	0	0	31	826	TRUE	999983	0.0100855563383138	0.694643479684472	6533	1022	0.0180018076037737	13349000	109
20220606 013746	binary	custom	TRUE	TRUE	FALSE	-100	-1	0	0	0	31	48	TRUE	999983	0.167774454546223	0.334185994892638	6913	544	0.017519930529047	12775000	110
20220606 013916	binary	custom	TRUE	TRUE	FALSE	-100	-1	0	0	0	31	386	TRUE	999983	0.0107220824512496	0.509299217662727	3124	990	0.0146205620491319	13733000	111
20220606 013923	binary	custom	TRUE	TRUE	FALSE	-100	-1	0	0	0	31	15	TRUE	999983	0.289498333303181	0.999329325854897	1999	16	0.0145420808728078	11536000	112
20220606 014100	binary	custom	TRUE	TRUE	FALSE	-100	-1	0	0	0	31	478	TRUE	999983	0.0100615613448411	0.515143130129051	4431	916	0.0168961257227706	14022000	113
20220606 014215	binary	custom	TRUE	TRUE	FALSE	-100	-1	0	0	0	31	501	TRUE	999983	0.0105215589137409	0.995797668527391	3032	1024	0.0151036800666594	13308000	114
20220606 014332	binary	custom	TRUE	TRUE	FALSE	-100	-1	0	0	0	31	527	TRUE	999983	0.0107850781858618	0.224835675757638	4	16	0.0162443791808788	13225000	115
20220606 014504	binary	custom	TRUE	TRUE	FALSE	-100	-1	0	0	0	31	621	TRUE	999983	0.0104906096835248	0.36180225082294	1470	19	0.0174520596677063	13330000	116
20220606 014513	binary	custom	TRUE	TRUE	FALSE	-100	-1	0	0	0	31	13	TRUE	999983	0.299736969533635	0.20019046958938	3185	408	0.0142788736002345	11824000	117
20220606 014524	binary	custom	TRUE	TRUE	FALSE	-100	-1	0	0	0	31	26	TRUE	999983	0.221826409711882	0.509556750836148	6096	16	0.0155593938812083	12607000	118
20220606 014651	binary	custom	TRUE	TRUE	FALSE	-100	-1	0	0	0	31	757	TRUE	999983	0.0101675667684545	0.791273916008462	3870	1020	0.0171696075452936	13564000	119
20220606 014743	binary	custom	TRUE	TRUE	FALSE	-100	-1	0	0	0	31	591	TRUE	999983	0.0114591483653741	0.9999621961277	2	16	0.0137391108746373	13573000	120
