-1 800 5 4 9260667 
-1 800 5 5 10019333 
-1 800 5 6 10429333 
-0.3 800 5 4 9260667 
-0.3 800 5 5 10019333 
-0.3 800 5 6 10429333 
-0.5 800 5 4 9260667 
-0.5 800 5 5 10019333 
-0.5 800 5 6 10429333 
-0.1 800 5 4 9260667 
-0.1 800 5 5 10019333 
-0.1 800 5 6 10429333 
-0.05 800 5 4 9260667 
-0.05 800 5 5 10019333 
-0.05 800 5 6 10429333 
-1 800 21 4 9333333 
-1 800 21 5 10324667 
-1 800 21 6 10346000 
-0.3 800 21 4 9333333 
-0.3 800 21 5 10324667 
-0.3 800 21 6 10346000 
-0.5 800 21 4 9333333 
-0.5 800 21 5 10324667 
-0.5 800 21 6 10346000 
-0.1 800 21 4 9333333 
-0.1 800 21 5 10324667 
-0.1 800 21 6 10346000 
-0.05 800 21 4 9333333 
-0.05 800 21 5 10324667 
-0.05 800 21 6 10346000 
-1 800 37 4 9713333 
-1 800 37 5 10214000 
-1 800 37 6 10040000 
-0.3 800 37 4 9713333 
-0.3 800 37 5 10214000 
-0.3 800 37 6 10040000 
-0.5 800 37 4 9713333 
-0.5 800 37 5 10214000 
-0.5 800 37 6 10040000 
-0.1 800 37 4 9713333 
-0.1 800 37 5 10214000 
-0.1 800 37 6 10040000 
-0.05 800 37 4 9713333 
-0.05 800 37 5 10214000 
-0.05 800 37 6 10040000 
-1 800 53 4 9656000 
-1 800 53 5 10390667 
-1 800 53 6 9886000 
-0.3 800 53 4 9656000 
-0.3 800 53 5 10390667 
-0.3 800 53 6 9886000 
-0.5 800 53 4 9656000 
-0.5 800 53 5 10390667 
-0.5 800 53 6 9886000 
-0.1 800 53 4 9656000 
-0.1 800 53 5 10390667 
-0.1 800 53 6 9886000 
-0.05 800 53 4 9656000 
-0.05 800 53 5 10390667 
-0.05 800 53 6 9886000 
-1 800 69 4 9765333 
-1 800 69 5 10497333 
-1 800 69 6 9957333 
-0.3 800 69 4 9765333 
-0.3 800 69 5 10497333 
-0.3 800 69 6 9957333 
-0.5 800 69 4 9765333 
-0.5 800 69 5 10497333 
-0.5 800 69 6 9957333 
-0.1 800 69 4 9765333 
-0.1 800 69 5 10497333 
-0.1 800 69 6 9957333 
-0.05 800 69 4 9765333 
-0.05 800 69 5 10497333 
-0.05 800 69 6 9957333 
-1 800 85 4 10325333 
-1 800 85 5 10744000 
-1 800 85 6 10032000 
-0.3 800 85 4 10325333 
-0.3 800 85 5 10744000 
-0.3 800 85 6 10032000 
-0.5 800 85 4 10325333 
-0.5 800 85 5 10744000 
-0.5 800 85 6 10032000 
-0.1 800 85 4 10325333 
-0.1 800 85 5 10744000 
-0.1 800 85 6 10032000 
-0.05 800 85 4 10325333 
-0.05 800 85 5 10744000 
-0.05 800 85 6 10032000 
-1 800 101 4 10350000 
-1 800 101 5 10980000 
-1 800 101 6 10244667 
-0.3 800 101 4 10350000 
-0.3 800 101 5 10980000 
-0.3 800 101 6 10244667 
-0.5 800 101 4 10350000 
-0.5 800 101 5 10980000 
-0.5 800 101 6 10244667 
-0.1 800 101 4 10350000 
-0.1 800 101 5 10980000 
-0.1 800 101 6 10244667 
-0.05 800 101 4 10350000 
-0.05 800 101 5 10980000 
-0.05 800 101 6 10244667 
-1 800 117 4 10358667 
-1 800 117 5 10862667 
-1 800 117 6 10622667 
-0.3 800 117 4 10358667 
-0.3 800 117 5 10862667 
-0.3 800 117 6 10622667 
-0.5 800 117 4 10358667 
-0.5 800 117 5 10862667 
-0.5 800 117 6 10622667 
-0.1 800 117 4 10358667 
-0.1 800 117 5 10862667 
-0.1 800 117 6 10622667 
-0.05 800 117 4 10358667 
-0.05 800 117 5 10862667 
-0.05 800 117 6 10622667 
-1 800 133 4 10307333 
-1 800 133 5 10770667 
-1 800 133 6 10434000 
-0.3 800 133 4 10307333 
-0.3 800 133 5 10770667 
-0.3 800 133 6 10434000 
-0.5 800 133 4 10307333 
-0.5 800 133 5 10770667 
-0.5 800 133 6 10434000 
-0.1 800 133 4 10307333 
-0.1 800 133 5 10770667 
-0.1 800 133 6 10434000 
-0.05 800 133 4 10307333 
-0.05 800 133 5 10770667 
-0.05 800 133 6 10434000 
-1 800 149 4 10307333 
-1 800 149 5 10774000 
-1 800 149 6 10442000 
-0.3 800 149 4 10307333 
-0.3 800 149 5 10774000 
-0.3 800 149 6 10442000 
-0.5 800 149 4 10307333 
-0.5 800 149 5 10774000 
-0.5 800 149 6 10442000 
-0.1 800 149 4 10307333 
-0.1 800 149 5 10774000 
-0.1 800 149 6 10442000 
-0.05 800 149 4 10307333 
-0.05 800 149 5 10774000 
-0.05 800 149 6 10442000 
-1 800 165 4 10307333 
-1 800 165 5 10771333 
-1 800 165 6 10460667 
-0.3 800 165 4 10307333 
-0.3 800 165 5 10771333 
-0.3 800 165 6 10460667 
-0.5 800 165 4 10307333 
-0.5 800 165 5 10771333 
-0.5 800 165 6 10460667 
-0.1 800 165 4 10307333 
-0.1 800 165 5 10771333 
-0.1 800 165 6 10460667 
-0.05 800 165 4 10307333 
-0.05 800 165 5 10771333 
-0.05 800 165 6 10460667 
-1 800 181 4 10307333 
-1 800 181 5 10810000 
-1 800 181 6 10524000 
-0.3 800 181 4 10307333 
-0.3 800 181 5 10810000 
-0.3 800 181 6 10524000 
-0.5 800 181 4 10307333 
-0.5 800 181 5 10810000 
-0.5 800 181 6 10524000 
-0.1 800 181 4 10307333 
-0.1 800 181 5 10810000 
-0.1 800 181 6 10524000 
-0.05 800 181 4 10307333 
-0.05 800 181 5 10810000 
-0.05 800 181 6 10524000 
-1 800 197 4 10307333 
-1 800 197 5 10824667 
-1 800 197 6 10539333 
-0.3 800 197 4 10307333 
-0.3 800 197 5 10824667 
-0.3 800 197 6 10539333 
-0.5 800 197 4 10307333 
-0.5 800 197 5 10824667 
-0.5 800 197 6 10539333 
-0.1 800 197 4 10307333 
-0.1 800 197 5 10824667 
-0.1 800 197 6 10539333 
-0.05 800 197 4 10307333 
-0.05 800 197 5 10824667 
-0.05 800 197 6 10539333 
-1 800 213 4 10307333 
-1 800 213 5 10894667 
-1 800 213 6 10541333 
-0.3 800 213 4 10307333 
-0.3 800 213 5 10894667 
-0.3 800 213 6 10541333 
-0.5 800 213 4 10307333 
-0.5 800 213 5 10894667 
-0.5 800 213 6 10541333 
-0.1 800 213 4 10307333 
-0.1 800 213 5 10894667 
-0.1 800 213 6 10541333 
-0.05 800 213 4 10307333 
-0.05 800 213 5 10894667 
-0.05 800 213 6 10541333 
-1 800 229 4 10307333 
-1 800 229 5 10881333 
-1 800 229 6 10570667 
-0.3 800 229 4 10307333 
-0.3 800 229 5 10881333 
-0.3 800 229 6 10570667 
-0.5 800 229 4 10307333 
-0.5 800 229 5 10881333 
-0.5 800 229 6 10570667 
-0.1 800 229 4 10307333 
-0.1 800 229 5 10881333 
-0.1 800 229 6 10570667 
-0.05 800 229 4 10307333 
-0.05 800 229 5 10881333 
-0.05 800 229 6 10570667 
-1 800 245 4 10307333 
-1 800 245 5 10884000 
-1 800 245 6 10563333 
-0.3 800 245 4 10307333 
-0.3 800 245 5 10884000 
-0.3 800 245 6 10563333 
-0.5 800 245 4 10307333 
-0.5 800 245 5 10884000 
-0.5 800 245 6 10563333 
-0.1 800 245 4 10307333 
-0.1 800 245 5 10884000 
-0.1 800 245 6 10563333 
-0.05 800 245 4 10307333 
-0.05 800 245 5 10884000 
-0.05 800 245 6 10563333 
-1 800 261 4 10344667 
-1 800 261 5 10869333 
-1 800 261 6 10684667 
-0.3 800 261 4 10344667 
-0.3 800 261 5 10869333 
-0.3 800 261 6 10684667 
-0.5 800 261 4 10344667 
-0.5 800 261 5 10869333 
-0.5 800 261 6 10684667 
-0.1 800 261 4 10344667 
-0.1 800 261 5 10869333 
-0.1 800 261 6 10684667 
-0.05 800 261 4 10344667 
-0.05 800 261 5 10869333 
-0.05 800 261 6 10684667 
-1 800 277 4 10344667 
-1 800 277 5 10868667 
-1 800 277 6 10655333 
-0.3 800 277 4 10344667 
-0.3 800 277 5 10868667 
-0.3 800 277 6 10655333 
-0.5 800 277 4 10344667 
-0.5 800 277 5 10868667 
-0.5 800 277 6 10655333 
-0.1 800 277 4 10344667 
-0.1 800 277 5 10868667 
-0.1 800 277 6 10655333 
-0.05 800 277 4 10344667 
-0.05 800 277 5 10868667 
-0.05 800 277 6 10655333 
-1 800 293 4 10344667 
-1 800 293 5 10826667 
-1 800 293 6 10696000 
-0.3 800 293 4 10344667 
-0.3 800 293 5 10826667 
-0.3 800 293 6 10696000 
-0.5 800 293 4 10344667 
-0.5 800 293 5 10826667 
-0.5 800 293 6 10696000 
-0.1 800 293 4 10344667 
-0.1 800 293 5 10826667 
-0.1 800 293 6 10696000 
-0.05 800 293 4 10344667 
-0.05 800 293 5 10826667 
-0.05 800 293 6 10696000 
-1 800 309 4 10344667 
-1 800 309 5 10826000 
-1 800 309 6 10696000 
-0.3 800 309 4 10344667 
-0.3 800 309 5 10826000 
-0.3 800 309 6 10696000 
-0.5 800 309 4 10344667 
-0.5 800 309 5 10826000 
-0.5 800 309 6 10696000 
-0.1 800 309 4 10344667 
-0.1 800 309 5 10826000 
-0.1 800 309 6 10696000 
-0.05 800 309 4 10344667 
-0.05 800 309 5 10826000 
-0.05 800 309 6 10696000 
-1 800 325 4 10344667 
-1 800 325 5 10818667 
-1 800 325 6 10738667 
-0.3 800 325 4 10344667 
-0.3 800 325 5 10818667 
-0.3 800 325 6 10738667 
-0.5 800 325 4 10344667 
-0.5 800 325 5 10818667 
-0.5 800 325 6 10738667 
-0.1 800 325 4 10344667 
-0.1 800 325 5 10818667 
-0.1 800 325 6 10738667 
-0.05 800 325 4 10344667 
-0.05 800 325 5 10818667 
-0.05 800 325 6 10738667 
-1 800 341 4 10344667 
-1 800 341 5 10832667 
-1 800 341 6 11010000 
-0.3 800 341 4 10344667 
-0.3 800 341 5 10832667 
-0.3 800 341 6 11010000 
-0.5 800 341 4 10344667 
-0.5 800 341 5 10832667 
-0.5 800 341 6 11010000 
-0.1 800 341 4 10344667 
-0.1 800 341 5 10832667 
-0.1 800 341 6 11010000 
-0.05 800 341 4 10344667 
-0.05 800 341 5 10832667 
-0.05 800 341 6 11010000 
-1 800 357 4 10344667 
-1 800 357 5 10828000 
-1 800 357 6 10994000 
-0.3 800 357 4 10344667 
-0.3 800 357 5 10828000 
-0.3 800 357 6 10994000 
-0.5 800 357 4 10344667 
-0.5 800 357 5 10828000 
-0.5 800 357 6 10994000 
-0.1 800 357 4 10344667 
-0.1 800 357 5 10828000 
-0.1 800 357 6 10994000 
-0.05 800 357 4 10344667 
-0.05 800 357 5 10828000 
-0.05 800 357 6 10994000 
-1 800 373 4 10302000 
-1 800 373 5 10734667 
-1 800 373 6 10902000 
-0.3 800 373 4 10302000 
-0.3 800 373 5 10734667 
-0.3 800 373 6 10902000 
-0.5 800 373 4 10302000 
-0.5 800 373 5 10734667 
-0.5 800 373 6 10902000 
-0.1 800 373 4 10302000 
-0.1 800 373 5 10734667 
-0.1 800 373 6 10902000 
-0.05 800 373 4 10302000 
-0.05 800 373 5 10734667 
-0.05 800 373 6 10902000 
-1 800 389 4 10290667 
-1 800 389 5 10664000 
-1 800 389 6 10825333 
-0.3 800 389 4 10290667 
-0.3 800 389 5 10664000 
-0.3 800 389 6 10825333 
-0.5 800 389 4 10290667 
-0.5 800 389 5 10664000 
-0.5 800 389 6 10825333 
-0.1 800 389 4 10290667 
-0.1 800 389 5 10664000 
-0.1 800 389 6 10825333 
-0.05 800 389 4 10290667 
-0.05 800 389 5 10664000 
-0.05 800 389 6 10825333 
-1 830 5 4 9260667 
-1 830 5 5 10019333 
-1 830 5 6 10429333 
-0.3 830 5 4 9260667 
-0.3 830 5 5 10019333 
-0.3 830 5 6 10429333 
-0.5 830 5 4 9260667 
-0.5 830 5 5 10019333 
-0.5 830 5 6 10429333 
-0.1 830 5 4 9260667 
-0.1 830 5 5 10019333 
-0.1 830 5 6 10429333 
-0.05 830 5 4 9260667 
-0.05 830 5 5 10019333 
-0.05 830 5 6 10429333 
-1 830 22 4 9338000 
-1 830 22 5 10329333 
-1 830 22 6 10320667 
-0.3 830 22 4 9338000 
-0.3 830 22 5 10329333 
-0.3 830 22 6 10320667 
-0.5 830 22 4 9338000 
-0.5 830 22 5 10329333 
-0.5 830 22 6 10320667 
-0.1 830 22 4 9338000 
-0.1 830 22 5 10329333 
-0.1 830 22 6 10320667 
-0.05 830 22 4 9338000 
-0.05 830 22 5 10329333 
-0.05 830 22 6 10320667 
-1 830 39 4 9712667 
-1 830 39 5 10278000 
-1 830 39 6 9958000 
-0.3 830 39 4 9712667 
-0.3 830 39 5 10278000 
-0.3 830 39 6 9958000 
-0.5 830 39 4 9712667 
-0.5 830 39 5 10278000 
-0.5 830 39 6 9958000 
-0.1 830 39 4 9712667 
-0.1 830 39 5 10278000 
-0.1 830 39 6 9958000 
-0.05 830 39 4 9712667 
-0.05 830 39 5 10278000 
-0.05 830 39 6 9958000 
-1 830 56 4 9670667 
-1 830 56 5 10380667 
-1 830 56 6 9882667 
-0.3 830 56 4 9670667 
-0.3 830 56 5 10380667 
-0.3 830 56 6 9882667 
-0.5 830 56 4 9670667 
-0.5 830 56 5 10380667 
-0.5 830 56 6 9882667 
-0.1 830 56 4 9670667 
-0.1 830 56 5 10380667 
-0.1 830 56 6 9882667 
-0.05 830 56 4 9670667 
-0.05 830 56 5 10380667 
-0.05 830 56 6 9882667 
-1 830 73 4 9765333 
-1 830 73 5 10558667 
-1 830 73 6 10005333 
-0.3 830 73 4 9765333 
-0.3 830 73 5 10558667 
-0.3 830 73 6 10005333 
-0.5 830 73 4 9765333 
-0.5 830 73 5 10558667 
-0.5 830 73 6 10005333 
-0.1 830 73 4 9765333 
-0.1 830 73 5 10558667 
-0.1 830 73 6 10005333 
-0.05 830 73 4 9765333 
-0.05 830 73 5 10558667 
-0.05 830 73 6 10005333 
-1 830 90 4 10324000 
-1 830 90 5 10958000 
-1 830 90 6 10168667 
-0.3 830 90 4 10324000 
-0.3 830 90 5 10958000 
-0.3 830 90 6 10168667 
-0.5 830 90 4 10324000 
-0.5 830 90 5 10958000 
-0.5 830 90 6 10168667 
-0.1 830 90 4 10324000 
-0.1 830 90 5 10958000 
-0.1 830 90 6 10168667 
-0.05 830 90 4 10324000 
-0.05 830 90 5 10958000 
-0.05 830 90 6 10168667 
-1 830 107 4 10340000 
-1 830 107 5 10970000 
-1 830 107 6 10228667 
-0.3 830 107 4 10340000 
-0.3 830 107 5 10970000 
-0.3 830 107 6 10228667 
-0.5 830 107 4 10340000 
-0.5 830 107 5 10970000 
-0.5 830 107 6 10228667 
-0.1 830 107 4 10340000 
-0.1 830 107 5 10970000 
-0.1 830 107 6 10228667 
-0.05 830 107 4 10340000 
-0.05 830 107 5 10970000 
-0.05 830 107 6 10228667 
-1 830 124 4 10307333 
-1 830 124 5 10772667 
-1 830 124 6 10451333 
-0.3 830 124 4 10307333 
-0.3 830 124 5 10772667 
-0.3 830 124 6 10451333 
-0.5 830 124 4 10307333 
-0.5 830 124 5 10772667 
-0.5 830 124 6 10451333 
-0.1 830 124 4 10307333 
-0.1 830 124 5 10772667 
-0.1 830 124 6 10451333 
-0.05 830 124 4 10307333 
-0.05 830 124 5 10772667 
-0.05 830 124 6 10451333 
-1 830 141 4 10307333 
-1 830 141 5 10770000 
-1 830 141 6 10432000 
-0.3 830 141 4 10307333 
-0.3 830 141 5 10770000 
-0.3 830 141 6 10432000 
-0.5 830 141 4 10307333 
-0.5 830 141 5 10770000 
-0.5 830 141 6 10432000 
-0.1 830 141 4 10307333 
-0.1 830 141 5 10770000 
-0.1 830 141 6 10432000 
-0.05 830 141 4 10307333 
-0.05 830 141 5 10770000 
-0.05 830 141 6 10432000 
-1 830 158 4 10307333 
-1 830 158 5 10772000 
-1 830 158 6 10458000 
-0.3 830 158 4 10307333 
-0.3 830 158 5 10772000 
-0.3 830 158 6 10458000 
-0.5 830 158 4 10307333 
-0.5 830 158 5 10772000 
-0.5 830 158 6 10458000 
-0.1 830 158 4 10307333 
-0.1 830 158 5 10772000 
-0.1 830 158 6 10458000 
-0.05 830 158 4 10307333 
-0.05 830 158 5 10772000 
-0.05 830 158 6 10458000 
-1 830 175 4 10307333 
-1 830 175 5 10762667 
-1 830 175 6 10499333 
-0.3 830 175 4 10307333 
-0.3 830 175 5 10762667 
-0.3 830 175 6 10499333 
-0.5 830 175 4 10307333 
-0.5 830 175 5 10762667 
-0.5 830 175 6 10499333 
-0.1 830 175 4 10307333 
-0.1 830 175 5 10762667 
-0.1 830 175 6 10499333 
-0.05 830 175 4 10307333 
-0.05 830 175 5 10762667 
-0.05 830 175 6 10499333 
-1 830 192 4 10307333 
-1 830 192 5 10827333 
-1 830 192 6 10542667 
-0.3 830 192 4 10307333 
-0.3 830 192 5 10827333 
-0.3 830 192 6 10542667 
-0.5 830 192 4 10307333 
-0.5 830 192 5 10827333 
-0.5 830 192 6 10542667 
-0.1 830 192 4 10307333 
-0.1 830 192 5 10827333 
-0.1 830 192 6 10542667 
-0.05 830 192 4 10307333 
-0.05 830 192 5 10827333 
-0.05 830 192 6 10542667 
-1 830 209 4 10307333 
-1 830 209 5 10896000 
-1 830 209 6 10542667 
-0.3 830 209 4 10307333 
-0.3 830 209 5 10896000 
-0.3 830 209 6 10542667 
-0.5 830 209 4 10307333 
-0.5 830 209 5 10896000 
-0.5 830 209 6 10542667 
-0.1 830 209 4 10307333 
-0.1 830 209 5 10896000 
-0.1 830 209 6 10542667 
-0.05 830 209 4 10307333 
-0.05 830 209 5 10896000 
-0.05 830 209 6 10542667 
-1 830 226 4 10307333 
-1 830 226 5 10882667 
-1 830 226 6 10508000 
-0.3 830 226 4 10307333 
-0.3 830 226 5 10882667 
-0.3 830 226 6 10508000 
-0.5 830 226 4 10307333 
-0.5 830 226 5 10882667 
-0.5 830 226 6 10508000 
-0.1 830 226 4 10307333 
-0.1 830 226 5 10882667 
-0.1 830 226 6 10508000 
-0.05 830 226 4 10307333 
-0.05 830 226 5 10882667 
-0.05 830 226 6 10508000 
-1 830 243 4 10307333 
-1 830 243 5 10884000 
-1 830 243 6 10563333 
-0.3 830 243 4 10307333 
-0.3 830 243 5 10884000 
-0.3 830 243 6 10563333 
-0.5 830 243 4 10307333 
-0.5 830 243 5 10884000 
-0.5 830 243 6 10563333 
-0.1 830 243 4 10307333 
-0.1 830 243 5 10884000 
-0.1 830 243 6 10563333 
-0.05 830 243 4 10307333 
-0.05 830 243 5 10884000 
-0.05 830 243 6 10563333 
-1 830 260 4 10306000 
-1 830 260 5 10880667 
-1 830 260 6 10582667 
-0.3 830 260 4 10306000 
-0.3 830 260 5 10880667 
-0.3 830 260 6 10582667 
-0.5 830 260 4 10306000 
-0.5 830 260 5 10880667 
-0.5 830 260 6 10582667 
-0.1 830 260 4 10306000 
-0.1 830 260 5 10880667 
-0.1 830 260 6 10582667 
-0.05 830 260 4 10306000 
-0.05 830 260 5 10880667 
-0.05 830 260 6 10582667 
-1 830 277 4 10344667 
-1 830 277 5 10868667 
-1 830 277 6 10655333 
-0.3 830 277 4 10344667 
-0.3 830 277 5 10868667 
-0.3 830 277 6 10655333 
-0.5 830 277 4 10344667 
-0.5 830 277 5 10868667 
-0.5 830 277 6 10655333 
-0.1 830 277 4 10344667 
-0.1 830 277 5 10868667 
-0.1 830 277 6 10655333 
-0.05 830 277 4 10344667 
-0.05 830 277 5 10868667 
-0.05 830 277 6 10655333 
-1 830 294 4 10344667 
-1 830 294 5 10826667 
-1 830 294 6 10696000 
-0.3 830 294 4 10344667 
-0.3 830 294 5 10826667 
-0.3 830 294 6 10696000 
-0.5 830 294 4 10344667 
-0.5 830 294 5 10826667 
-0.5 830 294 6 10696000 
-0.1 830 294 4 10344667 
-0.1 830 294 5 10826667 
-0.1 830 294 6 10696000 
-0.05 830 294 4 10344667 
-0.05 830 294 5 10826667 
-0.05 830 294 6 10696000 
-1 830 311 4 10344667 
-1 830 311 5 10812000 
-1 830 311 6 10730000 
-0.3 830 311 4 10344667 
-0.3 830 311 5 10812000 
-0.3 830 311 6 10730000 
-0.5 830 311 4 10344667 
-0.5 830 311 5 10812000 
-0.5 830 311 6 10730000 
-0.1 830 311 4 10344667 
-0.1 830 311 5 10812000 
-0.1 830 311 6 10730000 
-0.05 830 311 4 10344667 
-0.05 830 311 5 10812000 
-0.05 830 311 6 10730000 
-1 830 328 4 10344667 
-1 830 328 5 10818667 
-1 830 328 6 10721333 
-0.3 830 328 4 10344667 
-0.3 830 328 5 10818667 
-0.3 830 328 6 10721333 
-0.5 830 328 4 10344667 
-0.5 830 328 5 10818667 
-0.5 830 328 6 10721333 
-0.1 830 328 4 10344667 
-0.1 830 328 5 10818667 
-0.1 830 328 6 10721333 
-0.05 830 328 4 10344667 
-0.05 830 328 5 10818667 
-0.05 830 328 6 10721333 
-1 830 345 4 10344667 
-1 830 345 5 10832000 
-1 830 345 6 11012667 
-0.3 830 345 4 10344667 
-0.3 830 345 5 10832000 
-0.3 830 345 6 11012667 
-0.5 830 345 4 10344667 
-0.5 830 345 5 10832000 
-0.5 830 345 6 11012667 
-0.1 830 345 4 10344667 
-0.1 830 345 5 10832000 
-0.1 830 345 6 11012667 
-0.05 830 345 4 10344667 
-0.05 830 345 5 10832000 
-0.05 830 345 6 11012667 
-1 830 362 4 10316667 
-1 830 362 5 10768000 
-1 830 362 6 10818000 
-0.3 830 362 4 10316667 
-0.3 830 362 5 10768000 
-0.3 830 362 6 10818000 
-0.5 830 362 4 10316667 
-0.5 830 362 5 10768000 
-0.5 830 362 6 10818000 
-0.1 830 362 4 10316667 
-0.1 830 362 5 10768000 
-0.1 830 362 6 10818000 
-0.05 830 362 4 10316667 
-0.05 830 362 5 10768000 
-0.05 830 362 6 10818000 
-1 830 379 4 10290667 
-1 830 379 5 10734000 
-1 830 379 6 10898000 
-0.3 830 379 4 10290667 
-0.3 830 379 5 10734000 
-0.3 830 379 6 10898000 
-0.5 830 379 4 10290667 
-0.5 830 379 5 10734000 
-0.5 830 379 6 10898000 
-0.1 830 379 4 10290667 
-0.1 830 379 5 10734000 
-0.1 830 379 6 10898000 
-0.05 830 379 4 10290667 
-0.05 830 379 5 10734000 
-0.05 830 379 6 10898000 
-1 830 396 4 10290667 
-1 830 396 5 10642000 
-1 830 396 6 10836667 
-0.3 830 396 4 10290667 
-0.3 830 396 5 10642000 
-0.3 830 396 6 10836667 
-0.5 830 396 4 10290667 
-0.5 830 396 5 10642000 
-0.5 830 396 6 10836667 
-0.1 830 396 4 10290667 
-0.1 830 396 5 10642000 
-0.1 830 396 6 10836667 
-0.05 830 396 4 10290667 
-0.05 830 396 5 10642000 
-0.05 830 396 6 10836667 
-1 830 413 4 10290667 
-1 830 413 5 10587333 
-1 830 413 6 10795333 
-0.3 830 413 4 10290667 
-0.3 830 413 5 10587333 
-0.3 830 413 6 10795333 
-0.5 830 413 4 10290667 
-0.5 830 413 5 10587333 
-0.5 830 413 6 10795333 
-0.1 830 413 4 10290667 
-0.1 830 413 5 10587333 
-0.1 830 413 6 10795333 
-0.05 830 413 4 10290667 
-0.05 830 413 5 10587333 
-0.05 830 413 6 10795333 
-1 850 5 4 9260667 
-1 850 5 5 10019333 
-1 850 5 6 10429333 
-0.3 850 5 4 9260667 
-0.3 850 5 5 10019333 
-0.3 850 5 6 10429333 
-0.5 850 5 4 9260667 
-0.5 850 5 5 10019333 
-0.5 850 5 6 10429333 
-0.1 850 5 4 9260667 
-0.1 850 5 5 10019333 
-0.1 850 5 6 10429333 
-0.05 850 5 4 9260667 
-0.05 850 5 5 10019333 
-0.05 850 5 6 10429333 
-1 850 22 4 9338000 
-1 850 22 5 10297333 
-1 850 22 6 10288667 
-0.3 850 22 4 9338000 
-0.3 850 22 5 10297333 
-0.3 850 22 6 10288667 
-0.5 850 22 4 9338000 
-0.5 850 22 5 10297333 
-0.5 850 22 6 10288667 
-0.1 850 22 4 9338000 
-0.1 850 22 5 10297333 
-0.1 850 22 6 10288667 
-0.05 850 22 4 9338000 
-0.05 850 22 5 10297333 
-0.05 850 22 6 10288667 
-1 850 39 4 9712667 
-1 850 39 5 10278000 
-1 850 39 6 9932000 
-0.3 850 39 4 9712667 
-0.3 850 39 5 10278000 
-0.3 850 39 6 9932000 
-0.5 850 39 4 9712667 
-0.5 850 39 5 10278000 
-0.5 850 39 6 9932000 
-0.1 850 39 4 9712667 
-0.1 850 39 5 10278000 
-0.1 850 39 6 9932000 
-0.05 850 39 4 9712667 
-0.05 850 39 5 10278000 
-0.05 850 39 6 9932000 
-1 850 56 4 9670667 
-1 850 56 5 10380667 
-1 850 56 6 9911333 
-0.3 850 56 4 9670667 
-0.3 850 56 5 10380667 
-0.3 850 56 6 9911333 
-0.5 850 56 4 9670667 
-0.5 850 56 5 10380667 
-0.5 850 56 6 9911333 
-0.1 850 56 4 9670667 
-0.1 850 56 5 10380667 
-0.1 850 56 6 9911333 
-0.05 850 56 4 9670667 
-0.05 850 56 5 10380667 
-0.05 850 56 6 9911333 
-1 850 73 4 9765333 
-1 850 73 5 10558667 
-1 850 73 6 10034000 
-0.3 850 73 4 9765333 
-0.3 850 73 5 10558667 
-0.3 850 73 6 10034000 
-0.5 850 73 4 9765333 
-0.5 850 73 5 10558667 
-0.5 850 73 6 10034000 
-0.1 850 73 4 9765333 
-0.1 850 73 5 10558667 
-0.1 850 73 6 10034000 
-0.05 850 73 4 9765333 
-0.05 850 73 5 10558667 
-0.05 850 73 6 10034000 
-1 850 90 4 10324000 
-1 850 90 5 10958000 
-1 850 90 6 10208000 
-0.3 850 90 4 10324000 
-0.3 850 90 5 10958000 
-0.3 850 90 6 10208000 
-0.5 850 90 4 10324000 
-0.5 850 90 5 10958000 
-0.5 850 90 6 10208000 
-0.1 850 90 4 10324000 
-0.1 850 90 5 10958000 
-0.1 850 90 6 10208000 
-0.05 850 90 4 10324000 
-0.05 850 90 5 10958000 
-0.05 850 90 6 10208000 
-1 850 107 4 10340000 
-1 850 107 5 10970000 
-1 850 107 6 10268000 
-0.3 850 107 4 10340000 
-0.3 850 107 5 10970000 
-0.3 850 107 6 10268000 
-0.5 850 107 4 10340000 
-0.5 850 107 5 10970000 
-0.5 850 107 6 10268000 
-0.1 850 107 4 10340000 
-0.1 850 107 5 10970000 
-0.1 850 107 6 10268000 
-0.05 850 107 4 10340000 
-0.05 850 107 5 10970000 
-0.05 850 107 6 10268000 
-1 850 124 4 10307333 
-1 850 124 5 10772667 
-1 850 124 6 10490667 
-0.3 850 124 4 10307333 
-0.3 850 124 5 10772667 
-0.3 850 124 6 10490667 
-0.5 850 124 4 10307333 
-0.5 850 124 5 10772667 
-0.5 850 124 6 10490667 
-0.1 850 124 4 10307333 
-0.1 850 124 5 10772667 
-0.1 850 124 6 10490667 
-0.05 850 124 4 10307333 
-0.05 850 124 5 10772667 
-0.05 850 124 6 10490667 
-1 850 141 4 10307333 
-1 850 141 5 10770000 
-1 850 141 6 10483333 
-0.3 850 141 4 10307333 
-0.3 850 141 5 10770000 
-0.3 850 141 6 10483333 
-0.5 850 141 4 10307333 
-0.5 850 141 5 10770000 
-0.5 850 141 6 10483333 
-0.1 850 141 4 10307333 
-0.1 850 141 5 10770000 
-0.1 850 141 6 10483333 
-0.05 850 141 4 10307333 
-0.05 850 141 5 10770000 
-0.05 850 141 6 10483333 
-1 850 158 4 10307333 
-1 850 158 5 10772000 
-1 850 158 6 10509333 
-0.3 850 158 4 10307333 
-0.3 850 158 5 10772000 
-0.3 850 158 6 10509333 
-0.5 850 158 4 10307333 
-0.5 850 158 5 10772000 
-0.5 850 158 6 10509333 
-0.1 850 158 4 10307333 
-0.1 850 158 5 10772000 
-0.1 850 158 6 10509333 
-0.05 850 158 4 10307333 
-0.05 850 158 5 10772000 
-0.05 850 158 6 10509333 
-1 850 175 4 10307333 
-1 850 175 5 10762667 
-1 850 175 6 10550667 
-0.3 850 175 4 10307333 
-0.3 850 175 5 10762667 
-0.3 850 175 6 10550667 
-0.5 850 175 4 10307333 
-0.5 850 175 5 10762667 
-0.5 850 175 6 10550667 
-0.1 850 175 4 10307333 
-0.1 850 175 5 10762667 
-0.1 850 175 6 10550667 
-0.05 850 175 4 10307333 
-0.05 850 175 5 10762667 
-0.05 850 175 6 10550667 
-1 850 192 4 10307333 
-1 850 192 5 10827333 
-1 850 192 6 10601333 
-0.3 850 192 4 10307333 
-0.3 850 192 5 10827333 
-0.3 850 192 6 10601333 
-0.5 850 192 4 10307333 
-0.5 850 192 5 10827333 
-0.5 850 192 6 10601333 
-0.1 850 192 4 10307333 
-0.1 850 192 5 10827333 
-0.1 850 192 6 10601333 
-0.05 850 192 4 10307333 
-0.05 850 192 5 10827333 
-0.05 850 192 6 10601333 
-1 850 209 4 10307333 
-1 850 209 5 10896000 
-1 850 209 6 10601333 
-0.3 850 209 4 10307333 
-0.3 850 209 5 10896000 
-0.3 850 209 6 10601333 
-0.5 850 209 4 10307333 
-0.5 850 209 5 10896000 
-0.5 850 209 6 10601333 
-0.1 850 209 4 10307333 
-0.1 850 209 5 10896000 
-0.1 850 209 6 10601333 
-0.05 850 209 4 10307333 
-0.05 850 209 5 10896000 
-0.05 850 209 6 10601333 
-1 850 226 4 10307333 
-1 850 226 5 10882667 
-1 850 226 6 10566667 
-0.3 850 226 4 10307333 
-0.3 850 226 5 10882667 
-0.3 850 226 6 10566667 
-0.5 850 226 4 10307333 
-0.5 850 226 5 10882667 
-0.5 850 226 6 10566667 
-0.1 850 226 4 10307333 
-0.1 850 226 5 10882667 
-0.1 850 226 6 10566667 
-0.05 850 226 4 10307333 
-0.05 850 226 5 10882667 
-0.05 850 226 6 10566667 
-1 850 243 4 10307333 
-1 850 243 5 10884000 
-1 850 243 6 10630667 
-0.3 850 243 4 10307333 
-0.3 850 243 5 10884000 
-0.3 850 243 6 10630667 
-0.5 850 243 4 10307333 
-0.5 850 243 5 10884000 
-0.5 850 243 6 10630667 
-0.1 850 243 4 10307333 
-0.1 850 243 5 10884000 
-0.1 850 243 6 10630667 
-0.05 850 243 4 10307333 
-0.05 850 243 5 10884000 
-0.05 850 243 6 10630667 
-1 850 260 4 10306000 
-1 850 260 5 10880667 
-1 850 260 6 10640000 
-0.3 850 260 4 10306000 
-0.3 850 260 5 10880667 
-0.3 850 260 6 10640000 
-0.5 850 260 4 10306000 
-0.5 850 260 5 10880667 
-0.5 850 260 6 10640000 
-0.1 850 260 4 10306000 
-0.1 850 260 5 10880667 
-0.1 850 260 6 10640000 
-0.05 850 260 4 10306000 
-0.05 850 260 5 10880667 
-0.05 850 260 6 10640000 
-1 850 277 4 10344667 
-1 850 277 5 10868667 
-1 850 277 6 10712667 
-0.3 850 277 4 10344667 
-0.3 850 277 5 10868667 
-0.3 850 277 6 10712667 
-0.5 850 277 4 10344667 
-0.5 850 277 5 10868667 
-0.5 850 277 6 10712667 
-0.1 850 277 4 10344667 
-0.1 850 277 5 10868667 
-0.1 850 277 6 10712667 
-0.05 850 277 4 10344667 
-0.05 850 277 5 10868667 
-0.05 850 277 6 10712667 
-1 850 294 4 10344667 
-1 850 294 5 10826667 
-1 850 294 6 10753333 
-0.3 850 294 4 10344667 
-0.3 850 294 5 10826667 
-0.3 850 294 6 10753333 
-0.5 850 294 4 10344667 
-0.5 850 294 5 10826667 
-0.5 850 294 6 10753333 
-0.1 850 294 4 10344667 
-0.1 850 294 5 10826667 
-0.1 850 294 6 10753333 
-0.05 850 294 4 10344667 
-0.05 850 294 5 10826667 
-0.05 850 294 6 10753333 
-1 850 311 4 10344667 
-1 850 311 5 10812000 
-1 850 311 6 10787333 
-0.3 850 311 4 10344667 
-0.3 850 311 5 10812000 
-0.3 850 311 6 10787333 
-0.5 850 311 4 10344667 
-0.5 850 311 5 10812000 
-0.5 850 311 6 10787333 
-0.1 850 311 4 10344667 
-0.1 850 311 5 10812000 
-0.1 850 311 6 10787333 
-0.05 850 311 4 10344667 
-0.05 850 311 5 10812000 
-0.05 850 311 6 10787333 
-1 850 328 4 10344667 
-1 850 328 5 10818667 
-1 850 328 6 10797333 
-0.3 850 328 4 10344667 
-0.3 850 328 5 10818667 
-0.3 850 328 6 10797333 
-0.5 850 328 4 10344667 
-0.5 850 328 5 10818667 
-0.5 850 328 6 10797333 
-0.1 850 328 4 10344667 
-0.1 850 328 5 10818667 
-0.1 850 328 6 10797333 
-0.05 850 328 4 10344667 
-0.05 850 328 5 10818667 
-0.05 850 328 6 10797333 
-1 850 345 4 10344667 
-1 850 345 5 10832000 
-1 850 345 6 11088667 
-0.3 850 345 4 10344667 
-0.3 850 345 5 10832000 
-0.3 850 345 6 11088667 
-0.5 850 345 4 10344667 
-0.5 850 345 5 10832000 
-0.5 850 345 6 11088667 
-0.1 850 345 4 10344667 
-0.1 850 345 5 10832000 
-0.1 850 345 6 11088667 
-0.05 850 345 4 10344667 
-0.05 850 345 5 10832000 
-0.05 850 345 6 11088667 
-1 850 362 4 10316667 
-1 850 362 5 10768000 
-1 850 362 6 10894000 
-0.3 850 362 4 10316667 
-0.3 850 362 5 10768000 
-0.3 850 362 6 10894000 
-0.5 850 362 4 10316667 
-0.5 850 362 5 10768000 
-0.5 850 362 6 10894000 
-0.1 850 362 4 10316667 
-0.1 850 362 5 10768000 
-0.1 850 362 6 10894000 
-0.05 850 362 4 10316667 
-0.05 850 362 5 10768000 
-0.05 850 362 6 10894000 
-1 850 379 4 10290667 
-1 850 379 5 10734000 
-1 850 379 6 10974000 
-0.3 850 379 4 10290667 
-0.3 850 379 5 10734000 
-0.3 850 379 6 10974000 
-0.5 850 379 4 10290667 
-0.5 850 379 5 10734000 
-0.5 850 379 6 10974000 
-0.1 850 379 4 10290667 
-0.1 850 379 5 10734000 
-0.1 850 379 6 10974000 
-0.05 850 379 4 10290667 
-0.05 850 379 5 10734000 
-0.05 850 379 6 10974000 
-1 850 396 4 10290667 
-1 850 396 5 10642000 
-1 850 396 6 10912667 
-0.3 850 396 4 10290667 
-0.3 850 396 5 10642000 
-0.3 850 396 6 10912667 
-0.5 850 396 4 10290667 
-0.5 850 396 5 10642000 
-0.5 850 396 6 10912667 
-0.1 850 396 4 10290667 
-0.1 850 396 5 10642000 
-0.1 850 396 6 10912667 
-0.05 850 396 4 10290667 
-0.05 850 396 5 10642000 
-0.05 850 396 6 10912667 
-1 850 413 4 10290667 
-1 850 413 5 10587333 
-1 850 413 6 10876000 
-0.3 850 413 4 10290667 
-0.3 850 413 5 10587333 
-0.3 850 413 6 10876000 
-0.5 850 413 4 10290667 
-0.5 850 413 5 10587333 
-0.5 850 413 6 10876000 
-0.1 850 413 4 10290667 
-0.1 850 413 5 10587333 
-0.1 850 413 6 10876000 
-0.05 850 413 4 10290667 
-0.05 850 413 5 10587333 
-0.05 850 413 6 10876000 
-1 870 5 4 9261333 
-1 870 5 5 10022000 
-1 870 5 6 10432000 
-0.3 870 5 4 9261333 
-0.3 870 5 5 10022000 
-0.3 870 5 6 10432000 
-0.5 870 5 4 9261333 
-0.5 870 5 5 10022000 
-0.5 870 5 6 10432000 
-0.1 870 5 4 9261333 
-0.1 870 5 5 10022000 
-0.1 870 5 6 10432000 
-0.05 870 5 4 9261333 
-0.05 870 5 5 10022000 
-0.05 870 5 6 10432000 
-1 870 22 4 9338000 
-1 870 22 5 10297333 
-1 870 22 6 10288667 
-0.3 870 22 4 9338000 
-0.3 870 22 5 10297333 
-0.3 870 22 6 10288667 
-0.5 870 22 4 9338000 
-0.5 870 22 5 10297333 
-0.5 870 22 6 10288667 
-0.1 870 22 4 9338000 
-0.1 870 22 5 10297333 
-0.1 870 22 6 10288667 
-0.05 870 22 4 9338000 
-0.05 870 22 5 10297333 
-0.05 870 22 6 10288667 
-1 870 39 4 9712667 
-1 870 39 5 10190000 
-1 870 39 6 9778000 
-0.3 870 39 4 9712667 
-0.3 870 39 5 10190000 
-0.3 870 39 6 9778000 
-0.5 870 39 4 9712667 
-0.5 870 39 5 10190000 
-0.5 870 39 6 9778000 
-0.1 870 39 4 9712667 
-0.1 870 39 5 10190000 
-0.1 870 39 6 9778000 
-0.05 870 39 4 9712667 
-0.05 870 39 5 10190000 
-0.05 870 39 6 9778000 
-1 870 56 4 9670667 
-1 870 56 5 10292667 
-1 870 56 6 9757333 
-0.3 870 56 4 9670667 
-0.3 870 56 5 10292667 
-0.3 870 56 6 9757333 
-0.5 870 56 4 9670667 
-0.5 870 56 5 10292667 
-0.5 870 56 6 9757333 
-0.1 870 56 4 9670667 
-0.1 870 56 5 10292667 
-0.1 870 56 6 9757333 
-0.05 870 56 4 9670667 
-0.05 870 56 5 10292667 
-0.05 870 56 6 9757333 
-1 870 73 4 9765333 
-1 870 73 5 10470667 
-1 870 73 6 9880000 
-0.3 870 73 4 9765333 
-0.3 870 73 5 10470667 
-0.3 870 73 6 9880000 
-0.5 870 73 4 9765333 
-0.5 870 73 5 10470667 
-0.5 870 73 6 9880000 
-0.1 870 73 4 9765333 
-0.1 870 73 5 10470667 
-0.1 870 73 6 9880000 
-0.05 870 73 4 9765333 
-0.05 870 73 5 10470667 
-0.05 870 73 6 9880000 
-1 870 90 4 10324000 
-1 870 90 5 10870000 
-1 870 90 6 10054000 
-0.3 870 90 4 10324000 
-0.3 870 90 5 10870000 
-0.3 870 90 6 10054000 
-0.5 870 90 4 10324000 
-0.5 870 90 5 10870000 
-0.5 870 90 6 10054000 
-0.1 870 90 4 10324000 
-0.1 870 90 5 10870000 
-0.1 870 90 6 10054000 
-0.05 870 90 4 10324000 
-0.05 870 90 5 10870000 
-0.05 870 90 6 10054000 
-1 870 107 4 10340000 
-1 870 107 5 10882000 
-1 870 107 6 10114000 
-0.3 870 107 4 10340000 
-0.3 870 107 5 10882000 
-0.3 870 107 6 10114000 
-0.5 870 107 4 10340000 
-0.5 870 107 5 10882000 
-0.5 870 107 6 10114000 
-0.1 870 107 4 10340000 
-0.1 870 107 5 10882000 
-0.1 870 107 6 10114000 
-0.05 870 107 4 10340000 
-0.05 870 107 5 10882000 
-0.05 870 107 6 10114000 
-1 870 124 4 10307333 
-1 870 124 5 10684667 
-1 870 124 6 10336667 
-0.3 870 124 4 10307333 
-0.3 870 124 5 10684667 
-0.3 870 124 6 10336667 
-0.5 870 124 4 10307333 
-0.5 870 124 5 10684667 
-0.5 870 124 6 10336667 
-0.1 870 124 4 10307333 
-0.1 870 124 5 10684667 
-0.1 870 124 6 10336667 
-0.05 870 124 4 10307333 
-0.05 870 124 5 10684667 
-0.05 870 124 6 10336667 
-1 870 141 4 10307333 
-1 870 141 5 10682000 
-1 870 141 6 10329333 
-0.3 870 141 4 10307333 
-0.3 870 141 5 10682000 
-0.3 870 141 6 10329333 
-0.5 870 141 4 10307333 
-0.5 870 141 5 10682000 
-0.5 870 141 6 10329333 
-0.1 870 141 4 10307333 
-0.1 870 141 5 10682000 
-0.1 870 141 6 10329333 
-0.05 870 141 4 10307333 
-0.05 870 141 5 10682000 
-0.05 870 141 6 10329333 
-1 870 158 4 10307333 
-1 870 158 5 10684000 
-1 870 158 6 10355333 
-0.3 870 158 4 10307333 
-0.3 870 158 5 10684000 
-0.3 870 158 6 10355333 
-0.5 870 158 4 10307333 
-0.5 870 158 5 10684000 
-0.5 870 158 6 10355333 
-0.1 870 158 4 10307333 
-0.1 870 158 5 10684000 
-0.1 870 158 6 10355333 
-0.05 870 158 4 10307333 
-0.05 870 158 5 10684000 
-0.05 870 158 6 10355333 
-1 870 175 4 10307333 
-1 870 175 5 10674667 
-1 870 175 6 10396667 
-0.3 870 175 4 10307333 
-0.3 870 175 5 10674667 
-0.3 870 175 6 10396667 
-0.5 870 175 4 10307333 
-0.5 870 175 5 10674667 
-0.5 870 175 6 10396667 
-0.1 870 175 4 10307333 
-0.1 870 175 5 10674667 
-0.1 870 175 6 10396667 
-0.05 870 175 4 10307333 
-0.05 870 175 5 10674667 
-0.05 870 175 6 10396667 
-1 870 192 4 10307333 
-1 870 192 5 10739333 
-1 870 192 6 10447333 
-0.3 870 192 4 10307333 
-0.3 870 192 5 10739333 
-0.3 870 192 6 10447333 
-0.5 870 192 4 10307333 
-0.5 870 192 5 10739333 
-0.5 870 192 6 10447333 
-0.1 870 192 4 10307333 
-0.1 870 192 5 10739333 
-0.1 870 192 6 10447333 
-0.05 870 192 4 10307333 
-0.05 870 192 5 10739333 
-0.05 870 192 6 10447333 
-1 870 209 4 10307333 
-1 870 209 5 10808000 
-1 870 209 6 10447333 
-0.3 870 209 4 10307333 
-0.3 870 209 5 10808000 
-0.3 870 209 6 10447333 
-0.5 870 209 4 10307333 
-0.5 870 209 5 10808000 
-0.5 870 209 6 10447333 
-0.1 870 209 4 10307333 
-0.1 870 209 5 10808000 
-0.1 870 209 6 10447333 
-0.05 870 209 4 10307333 
-0.05 870 209 5 10808000 
-0.05 870 209 6 10447333 
-1 870 226 4 10307333 
-1 870 226 5 10794667 
-1 870 226 6 10412667 
-0.3 870 226 4 10307333 
-0.3 870 226 5 10794667 
-0.3 870 226 6 10412667 
-0.5 870 226 4 10307333 
-0.5 870 226 5 10794667 
-0.5 870 226 6 10412667 
-0.1 870 226 4 10307333 
-0.1 870 226 5 10794667 
-0.1 870 226 6 10412667 
-0.05 870 226 4 10307333 
-0.05 870 226 5 10794667 
-0.05 870 226 6 10412667 
-1 870 243 4 10307333 
-1 870 243 5 10796000 
-1 870 243 6 10476667 
-0.3 870 243 4 10307333 
-0.3 870 243 5 10796000 
-0.3 870 243 6 10476667 
-0.5 870 243 4 10307333 
-0.5 870 243 5 10796000 
-0.5 870 243 6 10476667 
-0.1 870 243 4 10307333 
-0.1 870 243 5 10796000 
-0.1 870 243 6 10476667 
-0.05 870 243 4 10307333 
-0.05 870 243 5 10796000 
-0.05 870 243 6 10476667 
-1 870 260 4 10306000 
-1 870 260 5 10792667 
-1 870 260 6 10486000 
-0.3 870 260 4 10306000 
-0.3 870 260 5 10792667 
-0.3 870 260 6 10486000 
-0.5 870 260 4 10306000 
-0.5 870 260 5 10792667 
-0.5 870 260 6 10486000 
-0.1 870 260 4 10306000 
-0.1 870 260 5 10792667 
-0.1 870 260 6 10486000 
-0.05 870 260 4 10306000 
-0.05 870 260 5 10792667 
-0.05 870 260 6 10486000 
-1 870 277 4 10344667 
-1 870 277 5 10780667 
-1 870 277 6 10558667 
-0.3 870 277 4 10344667 
-0.3 870 277 5 10780667 
-0.3 870 277 6 10558667 
-0.5 870 277 4 10344667 
-0.5 870 277 5 10780667 
-0.5 870 277 6 10558667 
-0.1 870 277 4 10344667 
-0.1 870 277 5 10780667 
-0.1 870 277 6 10558667 
-0.05 870 277 4 10344667 
-0.05 870 277 5 10780667 
-0.05 870 277 6 10558667 
-1 870 294 4 10344667 
-1 870 294 5 10769333 
-1 870 294 6 10630000 
-0.3 870 294 4 10344667 
-0.3 870 294 5 10769333 
-0.3 870 294 6 10630000 
-0.5 870 294 4 10344667 
-0.5 870 294 5 10769333 
-0.5 870 294 6 10630000 
-0.1 870 294 4 10344667 
-0.1 870 294 5 10769333 
-0.1 870 294 6 10630000 
-0.05 870 294 4 10344667 
-0.05 870 294 5 10769333 
-0.05 870 294 6 10630000 
-1 870 311 4 10344667 
-1 870 311 5 10754667 
-1 870 311 6 10636000 
-0.3 870 311 4 10344667 
-0.3 870 311 5 10754667 
-0.3 870 311 6 10636000 
-0.5 870 311 4 10344667 
-0.5 870 311 5 10754667 
-0.5 870 311 6 10636000 
-0.1 870 311 4 10344667 
-0.1 870 311 5 10754667 
-0.1 870 311 6 10636000 
-0.05 870 311 4 10344667 
-0.05 870 311 5 10754667 
-0.05 870 311 6 10636000 
-1 870 328 4 10344667 
-1 870 328 5 10754667 
-1 870 328 6 10642000 
-0.3 870 328 4 10344667 
-0.3 870 328 5 10754667 
-0.3 870 328 6 10642000 
-0.5 870 328 4 10344667 
-0.5 870 328 5 10754667 
-0.5 870 328 6 10642000 
-0.1 870 328 4 10344667 
-0.1 870 328 5 10754667 
-0.1 870 328 6 10642000 
-0.05 870 328 4 10344667 
-0.05 870 328 5 10754667 
-0.05 870 328 6 10642000 
-1 870 345 4 10344667 
-1 870 345 5 10757333 
-1 870 345 6 10948000 
-0.3 870 345 4 10344667 
-0.3 870 345 5 10757333 
-0.3 870 345 6 10948000 
-0.5 870 345 4 10344667 
-0.5 870 345 5 10757333 
-0.5 870 345 6 10948000 
-0.1 870 345 4 10344667 
-0.1 870 345 5 10757333 
-0.1 870 345 6 10948000 
-0.05 870 345 4 10344667 
-0.05 870 345 5 10757333 
-0.05 870 345 6 10948000 
-1 870 362 4 10316667 
-1 870 362 5 10693333 
-1 870 362 6 10753333 
-0.3 870 362 4 10316667 
-0.3 870 362 5 10693333 
-0.3 870 362 6 10753333 
-0.5 870 362 4 10316667 
-0.5 870 362 5 10693333 
-0.5 870 362 6 10753333 
-0.1 870 362 4 10316667 
-0.1 870 362 5 10693333 
-0.1 870 362 6 10753333 
-0.05 870 362 4 10316667 
-0.05 870 362 5 10693333 
-0.05 870 362 6 10753333 
-1 870 379 4 10290667 
-1 870 379 5 10634000 
-1 870 379 6 10808000 
-0.3 870 379 4 10290667 
-0.3 870 379 5 10634000 
-0.3 870 379 6 10808000 
-0.5 870 379 4 10290667 
-0.5 870 379 5 10634000 
-0.5 870 379 6 10808000 
-0.1 870 379 4 10290667 
-0.1 870 379 5 10634000 
-0.1 870 379 6 10808000 
-0.05 870 379 4 10290667 
-0.05 870 379 5 10634000 
-0.05 870 379 6 10808000 
-1 870 396 4 10290667 
-1 870 396 5 10542000 
-1 870 396 6 10748000 
-0.3 870 396 4 10290667 
-0.3 870 396 5 10542000 
-0.3 870 396 6 10748000 
-0.5 870 396 4 10290667 
-0.5 870 396 5 10542000 
-0.5 870 396 6 10748000 
-0.1 870 396 4 10290667 
-0.1 870 396 5 10542000 
-0.1 870 396 6 10748000 
-0.05 870 396 4 10290667 
-0.05 870 396 5 10542000 
-0.05 870 396 6 10748000 
-1 870 413 4 10290667 
-1 870 413 5 10497333 
-1 870 413 6 10724667 
-0.3 870 413 4 10290667 
-0.3 870 413 5 10497333 
-0.3 870 413 6 10724667 
-0.5 870 413 4 10290667 
-0.5 870 413 5 10497333 
-0.5 870 413 6 10724667 
-0.1 870 413 4 10290667 
-0.1 870 413 5 10497333 
-0.1 870 413 6 10724667 
-0.05 870 413 4 10290667 
-0.05 870 413 5 10497333 
-0.05 870 413 6 10724667 
-1 870 430 4 10287333 
-1 870 430 5 10416667 
-1 870 430 6 10644000 
-0.3 870 430 4 10287333 
-0.3 870 430 5 10416667 
-0.3 870 430 6 10644000 
-0.5 870 430 4 10287333 
-0.5 870 430 5 10416667 
-0.5 870 430 6 10644000 
-0.1 870 430 4 10287333 
-0.1 870 430 5 10416667 
-0.1 870 430 6 10644000 
-0.05 870 430 4 10287333 
-0.05 870 430 5 10416667 
-0.05 870 430 6 10644000 
-1 900 5 4 9261333 
-1 900 5 5 10022000 
-1 900 5 6 10435333 
-0.3 900 5 4 9261333 
-0.3 900 5 5 10022000 
-0.3 900 5 6 10435333 
-0.5 900 5 4 9261333 
-0.5 900 5 5 10022000 
-0.5 900 5 6 10435333 
-0.1 900 5 4 9261333 
-0.1 900 5 5 10022000 
-0.1 900 5 6 10435333 
-0.05 900 5 4 9261333 
-0.05 900 5 5 10022000 
-0.05 900 5 6 10435333 
-1 900 23 4 9337333 
-1 900 23 5 10158000 
-1 900 23 6 10015333 
-0.3 900 23 4 9337333 
-0.3 900 23 5 10158000 
-0.3 900 23 6 10015333 
-0.5 900 23 4 9337333 
-0.5 900 23 5 10158000 
-0.5 900 23 6 10015333 
-0.1 900 23 4 9337333 
-0.1 900 23 5 10158000 
-0.1 900 23 6 10015333 
-0.05 900 23 4 9337333 
-0.05 900 23 5 10158000 
-0.05 900 23 6 10015333 
-1 900 41 4 9687333 
-1 900 41 5 10171333 
-1 900 41 6 9793333 
-0.3 900 41 4 9687333 
-0.3 900 41 5 10171333 
-0.3 900 41 6 9793333 
-0.5 900 41 4 9687333 
-0.5 900 41 5 10171333 
-0.5 900 41 6 9793333 
-0.1 900 41 4 9687333 
-0.1 900 41 5 10171333 
-0.1 900 41 6 9793333 
-0.05 900 41 4 9687333 
-0.05 900 41 5 10171333 
-0.05 900 41 6 9793333 
-1 900 59 4 9682667 
-1 900 59 5 10318000 
-1 900 59 6 9786667 
-0.3 900 59 4 9682667 
-0.3 900 59 5 10318000 
-0.3 900 59 6 9786667 
-0.5 900 59 4 9682667 
-0.5 900 59 5 10318000 
-0.5 900 59 6 9786667 
-0.1 900 59 4 9682667 
-0.1 900 59 5 10318000 
-0.1 900 59 6 9786667 
-0.05 900 59 4 9682667 
-0.05 900 59 5 10318000 
-0.05 900 59 6 9786667 
-1 900 77 4 9765333 
-1 900 77 5 10500000 
-1 900 77 6 9931333 
-0.3 900 77 4 9765333 
-0.3 900 77 5 10500000 
-0.3 900 77 6 9931333 
-0.5 900 77 4 9765333 
-0.5 900 77 5 10500000 
-0.5 900 77 6 9931333 
-0.1 900 77 4 9765333 
-0.1 900 77 5 10500000 
-0.1 900 77 6 9931333 
-0.05 900 77 4 9765333 
-0.05 900 77 5 10500000 
-0.05 900 77 6 9931333 
-1 900 95 4 10322667 
-1 900 95 5 10868667 
-1 900 95 6 10090000 
-0.3 900 95 4 10322667 
-0.3 900 95 5 10868667 
-0.3 900 95 6 10090000 
-0.5 900 95 4 10322667 
-0.5 900 95 5 10868667 
-0.5 900 95 6 10090000 
-0.1 900 95 4 10322667 
-0.1 900 95 5 10868667 
-0.1 900 95 6 10090000 
-0.05 900 95 4 10322667 
-0.05 900 95 5 10868667 
-0.05 900 95 6 10090000 
-1 900 113 4 10358667 
-1 900 113 5 10776667 
-1 900 113 6 10530667 
-0.3 900 113 4 10358667 
-0.3 900 113 5 10776667 
-0.3 900 113 6 10530667 
-0.5 900 113 4 10358667 
-0.5 900 113 5 10776667 
-0.5 900 113 6 10530667 
-0.1 900 113 4 10358667 
-0.1 900 113 5 10776667 
-0.1 900 113 6 10530667 
-0.05 900 113 4 10358667 
-0.05 900 113 5 10776667 
-0.05 900 113 6 10530667 
-1 900 131 4 10307333 
-1 900 131 5 10682667 
-1 900 131 6 10352000 
-0.3 900 131 4 10307333 
-0.3 900 131 5 10682667 
-0.3 900 131 6 10352000 
-0.5 900 131 4 10307333 
-0.5 900 131 5 10682667 
-0.5 900 131 6 10352000 
-0.1 900 131 4 10307333 
-0.1 900 131 5 10682667 
-0.1 900 131 6 10352000 
-0.05 900 131 4 10307333 
-0.05 900 131 5 10682667 
-0.05 900 131 6 10352000 
-1 900 149 4 10307333 
-1 900 149 5 10686000 
-1 900 149 6 10360000 
-0.3 900 149 4 10307333 
-0.3 900 149 5 10686000 
-0.3 900 149 6 10360000 
-0.5 900 149 4 10307333 
-0.5 900 149 5 10686000 
-0.5 900 149 6 10360000 
-0.1 900 149 4 10307333 
-0.1 900 149 5 10686000 
-0.1 900 149 6 10360000 
-0.05 900 149 4 10307333 
-0.05 900 149 5 10686000 
-0.05 900 149 6 10360000 
-1 900 167 4 10307333 
-1 900 167 5 10681333 
-1 900 167 6 10376000 
-0.3 900 167 4 10307333 
-0.3 900 167 5 10681333 
-0.3 900 167 6 10376000 
-0.5 900 167 4 10307333 
-0.5 900 167 5 10681333 
-0.5 900 167 6 10376000 
-0.1 900 167 4 10307333 
-0.1 900 167 5 10681333 
-0.1 900 167 6 10376000 
-0.05 900 167 4 10307333 
-0.05 900 167 5 10681333 
-0.05 900 167 6 10376000 
-1 900 185 4 10307333 
-1 900 185 5 10722000 
-1 900 185 6 10484667 
-0.3 900 185 4 10307333 
-0.3 900 185 5 10722000 
-0.3 900 185 6 10484667 
-0.5 900 185 4 10307333 
-0.5 900 185 5 10722000 
-0.5 900 185 6 10484667 
-0.1 900 185 4 10307333 
-0.1 900 185 5 10722000 
-0.1 900 185 6 10484667 
-0.05 900 185 4 10307333 
-0.05 900 185 5 10722000 
-0.05 900 185 6 10484667 
-1 900 203 4 10307333 
-1 900 203 5 10734667 
-1 900 203 6 10450000 
-0.3 900 203 4 10307333 
-0.3 900 203 5 10734667 
-0.3 900 203 6 10450000 
-0.5 900 203 4 10307333 
-0.5 900 203 5 10734667 
-0.5 900 203 6 10450000 
-0.1 900 203 4 10307333 
-0.1 900 203 5 10734667 
-0.1 900 203 6 10450000 
-0.05 900 203 4 10307333 
-0.05 900 203 5 10734667 
-0.05 900 203 6 10450000 
-1 900 221 4 10307333 
-1 900 221 5 10797333 
-1 900 221 6 10402000 
-0.3 900 221 4 10307333 
-0.3 900 221 5 10797333 
-0.3 900 221 6 10402000 
-0.5 900 221 4 10307333 
-0.5 900 221 5 10797333 
-0.5 900 221 6 10402000 
-0.1 900 221 4 10307333 
-0.1 900 221 5 10797333 
-0.1 900 221 6 10402000 
-0.05 900 221 4 10307333 
-0.05 900 221 5 10797333 
-0.05 900 221 6 10402000 
-1 900 239 4 10307333 
-1 900 239 5 10778000 
-1 900 239 6 10480000 
-0.3 900 239 4 10307333 
-0.3 900 239 5 10778000 
-0.3 900 239 6 10480000 
-0.5 900 239 4 10307333 
-0.5 900 239 5 10778000 
-0.5 900 239 6 10480000 
-0.1 900 239 4 10307333 
-0.1 900 239 5 10778000 
-0.1 900 239 6 10480000 
-0.05 900 239 4 10307333 
-0.05 900 239 5 10778000 
-0.05 900 239 6 10480000 
-1 900 257 4 10307333 
-1 900 257 5 10794667 
-1 900 257 6 10504667 
-0.3 900 257 4 10307333 
-0.3 900 257 5 10794667 
-0.3 900 257 6 10504667 
-0.5 900 257 4 10307333 
-0.5 900 257 5 10794667 
-0.5 900 257 6 10504667 
-0.1 900 257 4 10307333 
-0.1 900 257 5 10794667 
-0.1 900 257 6 10504667 
-0.05 900 257 4 10307333 
-0.05 900 257 5 10794667 
-0.05 900 257 6 10504667 
-1 900 275 4 10344667 
-1 900 275 5 10781333 
-1 900 275 6 10580000 
-0.3 900 275 4 10344667 
-0.3 900 275 5 10781333 
-0.3 900 275 6 10580000 
-0.5 900 275 4 10344667 
-0.5 900 275 5 10781333 
-0.5 900 275 6 10580000 
-0.1 900 275 4 10344667 
-0.1 900 275 5 10781333 
-0.1 900 275 6 10580000 
-0.05 900 275 4 10344667 
-0.05 900 275 5 10781333 
-0.05 900 275 6 10580000 
-1 900 293 4 10344667 
-1 900 293 5 10769333 
-1 900 293 6 10650667 
-0.3 900 293 4 10344667 
-0.3 900 293 5 10769333 
-0.3 900 293 6 10650667 
-0.5 900 293 4 10344667 
-0.5 900 293 5 10769333 
-0.5 900 293 6 10650667 
-0.1 900 293 4 10344667 
-0.1 900 293 5 10769333 
-0.1 900 293 6 10650667 
-0.05 900 293 4 10344667 
-0.05 900 293 5 10769333 
-0.05 900 293 6 10650667 
-1 900 311 4 10344667 
-1 900 311 5 10754667 
-1 900 311 6 10636000 
-0.3 900 311 4 10344667 
-0.3 900 311 5 10754667 
-0.3 900 311 6 10636000 
-0.5 900 311 4 10344667 
-0.5 900 311 5 10754667 
-0.5 900 311 6 10636000 
-0.1 900 311 4 10344667 
-0.1 900 311 5 10754667 
-0.1 900 311 6 10636000 
-0.05 900 311 4 10344667 
-0.05 900 311 5 10754667 
-0.05 900 311 6 10636000 
-1 900 329 4 10344667 
-1 900 329 5 10754667 
-1 900 329 6 10642000 
-0.3 900 329 4 10344667 
-0.3 900 329 5 10754667 
-0.3 900 329 6 10642000 
-0.5 900 329 4 10344667 
-0.5 900 329 5 10754667 
-0.5 900 329 6 10642000 
-0.1 900 329 4 10344667 
-0.1 900 329 5 10754667 
-0.1 900 329 6 10642000 
-0.05 900 329 4 10344667 
-0.05 900 329 5 10754667 
-0.05 900 329 6 10642000 
-1 900 347 4 10344667 
-1 900 347 5 10756667 
-1 900 347 6 10944000 
-0.3 900 347 4 10344667 
-0.3 900 347 5 10756667 
-0.3 900 347 6 10944000 
-0.5 900 347 4 10344667 
-0.5 900 347 5 10756667 
-0.5 900 347 6 10944000 
-0.1 900 347 4 10344667 
-0.1 900 347 5 10756667 
-0.1 900 347 6 10944000 
-0.05 900 347 4 10344667 
-0.05 900 347 5 10756667 
-0.05 900 347 6 10944000 
-1 900 365 4 10316667 
-1 900 365 5 10692667 
-1 900 365 6 10877333 
-0.3 900 365 4 10316667 
-0.3 900 365 5 10692667 
-0.3 900 365 6 10877333 
-0.5 900 365 4 10316667 
-0.5 900 365 5 10692667 
-0.5 900 365 6 10877333 
-0.1 900 365 4 10316667 
-0.1 900 365 5 10692667 
-0.1 900 365 6 10877333 
-0.05 900 365 4 10316667 
-0.05 900 365 5 10692667 
-0.05 900 365 6 10877333 
-1 900 383 4 10290667 
-1 900 383 5 10672667 
-1 900 383 6 10845333 
-0.3 900 383 4 10290667 
-0.3 900 383 5 10672667 
-0.3 900 383 6 10845333 
-0.5 900 383 4 10290667 
-0.5 900 383 5 10672667 
-0.5 900 383 6 10845333 
-0.1 900 383 4 10290667 
-0.1 900 383 5 10672667 
-0.1 900 383 6 10845333 
-0.05 900 383 4 10290667 
-0.05 900 383 5 10672667 
-0.05 900 383 6 10845333 
-1 900 401 4 10290667 
-1 900 401 5 10542000 
-1 900 401 6 10746667 
-0.3 900 401 4 10290667 
-0.3 900 401 5 10542000 
-0.3 900 401 6 10746667 
-0.5 900 401 4 10290667 
-0.5 900 401 5 10542000 
-0.5 900 401 6 10746667 
-0.1 900 401 4 10290667 
-0.1 900 401 5 10542000 
-0.1 900 401 6 10746667 
-0.05 900 401 4 10290667 
-0.05 900 401 5 10542000 
-0.05 900 401 6 10746667 
-1 900 419 4 10290667 
-1 900 419 5 10468667 
-1 900 419 6 10696000 
-0.3 900 419 4 10290667 
-0.3 900 419 5 10468667 
-0.3 900 419 6 10696000 
-0.5 900 419 4 10290667 
-0.5 900 419 5 10468667 
-0.5 900 419 6 10696000 
-0.1 900 419 4 10290667 
-0.1 900 419 5 10468667 
-0.1 900 419 6 10696000 
-0.05 900 419 4 10290667 
-0.05 900 419 5 10468667 
-0.05 900 419 6 10696000 
-1 900 437 4 10354667 
-1 900 437 5 10484000 
-1 900 437 6 10620000 
-0.3 900 437 4 10354667 
-0.3 900 437 5 10484000 
-0.3 900 437 6 10620000 
-0.5 900 437 4 10354667 
-0.5 900 437 5 10484000 
-0.5 900 437 6 10620000 
-0.1 900 437 4 10354667 
-0.1 900 437 5 10484000 
-0.1 900 437 6 10620000 
-0.05 900 437 4 10354667 
-0.05 900 437 5 10484000 
-0.05 900 437 6 10620000 
