-1 500 5 4 9260667 
-1 500 5 5 10014000 
-1 500 5 6 10406000 
-1 500 30 4 9852000 
-1 500 30 5 9970667 
-1 500 30 6 10126667 
-1 500 55 4 9669333 
-1 500 55 5 10384000 
-1 500 55 6 9988000 
-1 500 80 4 9762667 
-1 500 80 5 10580667 
-1 500 80 6 10045333 
-1 500 105 4 10338000 
-1 500 105 5 10918667 
-1 500 105 6 10063333 
-1 500 130 4 10305333 
-1 500 130 5 10803333 
-1 500 130 6 10388667 
-1 500 155 4 10354000 
-1 500 155 5 10798000 
-1 500 155 6 10400000 
-1 500 180 4 10354000 
-1 500 180 5 10874000 
-1 500 180 6 10486000 
-1 500 205 4 10354000 
-1 500 205 5 10921333 
-1 500 205 6 10524667 
-1 500 230 4 10354000 
-1 500 230 5 10943333 
-1 500 230 6 10554000 
-1 600 5 4 9260667 
-1 600 5 5 10014000 
-1 600 5 6 10406000 
-1 600 35 4 9712000 
-1 600 35 5 10197333 
-1 600 35 6 9993333 
-1 600 65 4 9763333 
-1 600 65 5 10476000 
-1 600 65 6 10080000 
-1 600 95 4 10320667 
-1 600 95 5 10931333 
-1 600 95 6 10207333 
-1 600 125 4 10305333 
-1 600 125 5 10843333 
-1 600 125 6 10477333 
-1 600 155 4 10354000 
-1 600 155 5 10893333 
-1 600 155 6 10546667 
-1 600 185 4 10354000 
-1 600 185 5 10929333 
-1 600 185 6 10652667 
-1 600 215 4 10354000 
-1 600 215 5 11006000 
-1 600 215 6 10636667 
-1 600 245 4 10350667 
-1 600 245 5 1.1e+07 
-1 600 245 6 10663333 
-1 600 275 4 10344667 
-1 600 275 5 10942000 
-1 600 275 6 10705333 
-1 700 5 4 9260667 
-1 700 5 5 10014000 
-1 700 5 6 10406000 
-1 700 40 4 9710000 
-1 700 40 5 10264667 
-1 700 40 6 9868667 
-1 700 75 4 9763333 
-1 700 75 5 10632667 
-1 700 75 6 9980667 
-1 700 110 4 10358667 
-1 700 110 5 10938000 
-1 700 110 6 10636000 
-1 700 145 4 10354000 
-1 700 145 5 10889333 
-1 700 145 6 10575333 
-1 700 180 4 10354000 
-1 700 180 5 10930000 
-1 700 180 6 10644000 
-1 700 215 4 10354000 
-1 700 215 5 11006000 
-1 700 215 6 10652667 
-1 700 250 4 10349333 
-1 700 250 5 10998667 
-1 700 250 6 10690000 
-1 700 285 4 10344667 
-1 700 285 5 10899333 
-1 700 285 6 10768667 
-1 700 320 4 10344667 
-1 700 320 5 10875333 
-1 700 320 6 10790667 
-1 800 5 4 9260667 
-1 800 5 5 10019333 
-1 800 5 6 10429333 
-1 800 45 4 9700667 
-1 800 45 5 10410000 
-1 800 45 6 9954667 
-1 800 85 4 10325333 
-1 800 85 5 10744000 
-1 800 85 6 10032000 
-1 800 125 4 10307333 
-1 800 125 5 10772667 
-1 800 125 6 10439333 
-1 800 165 4 10307333 
-1 800 165 5 10771333 
-1 800 165 6 10460667 
-1 800 205 4 10307333 
-1 800 205 5 10858000 
-1 800 205 6 10560000 
-1 800 245 4 10307333 
-1 800 245 5 10884000 
-1 800 245 6 10563333 
-1 800 285 4 10344667 
-1 800 285 5 10826667 
-1 800 285 6 10696000 
-1 800 325 4 10344667 
-1 800 325 5 10818667 
-1 800 325 6 10738667 
-1 800 365 4 10316667 
-1 800 365 5 10767333 
-1 800 365 6 10942000 
-1 900 5 4 9261333 
-1 900 5 5 10022000 
-1 900 5 6 10435333 
-1 900 50 4 9638000 
-1 900 50 5 10312000 
-1 900 50 6 9804667 
-1 900 95 4 10322667 
-1 900 95 5 10868667 
-1 900 95 6 10090000 
-1 900 140 4 10307333 
-1 900 140 5 10682667 
-1 900 140 6 10350667 
-1 900 185 4 10307333 
-1 900 185 5 10722000 
-1 900 185 6 10484667 
-1 900 230 4 10307333 
-1 900 230 5 10793333 
-1 900 230 6 10504000 
-1 900 275 4 10344667 
-1 900 275 5 10781333 
-1 900 275 6 10580000 
-1 900 320 4 10344667 
-1 900 320 5 10754667 
-1 900 320 6 10635333 
-1 900 365 4 10316667 
-1 900 365 5 10692667 
-1 900 365 6 10877333 
-1 900 410 4 10290667 
-1 900 410 5 10497333 
-1 900 410 6 10718667 
-1 1000 5 4 9261333 
-1 1000 5 5 10022000 
-1 1000 5 6 10424000 
-1 1000 55 4 9650000 
-1 1000 55 5 10405333 
-1 1000 55 6 9908667 
-1 1000 105 4 10340000 
-1 1000 105 5 10970000 
-1 1000 105 6 10169333 
-1 1000 155 4 10307333 
-1 1000 155 5 10772000 
-1 1000 155 6 10382667 
-1 1000 205 4 10307333 
-1 1000 205 5 10856000 
-1 1000 205 6 10490000 
-1 1000 255 4 10307333 
-1 1000 255 5 10882000 
-1 1000 255 6 10520667 
-1 1000 305 4 10344667 
-1 1000 305 5 10854667 
-1 1000 305 6 10656000 
-1 1000 355 4 10344667 
-1 1000 355 5 10839333 
-1 1000 355 6 10971333 
-1 1000 405 4 10290667 
-1 1000 405 5 10631333 
-1 1000 405 6 10790000 
-1 1000 455 4 10354667 
-1 1000 455 5 10570000 
-1 1000 455 6 10608667 
-1 1200 5 4 9261333 
-1 1200 5 5 9972667 
-1 1200 5 6 10381333 
-1 1200 65 4 9765333 
-1 1200 65 5 10396000 
-1 1200 65 6 9832000 
-1 1200 125 4 10307333 
-1 1200 125 5 10694000 
-1 1200 125 6 10168000 
-1 1200 185 4 10307333 
-1 1200 185 5 10731333 
-1 1200 185 6 10270667 
-1 1200 245 4 10307333 
-1 1200 245 5 10805333 
-1 1200 245 6 10427333 
-1 1200 305 4 10344667 
-1 1200 305 5 10778667 
-1 1200 305 6 10576000 
-1 1200 365 4 10278667 
-1 1200 365 5 10705333 
-1 1200 365 6 10817333 
-1 1200 425 4 10252667 
-1 1200 425 5 10493333 
-1 1200 425 6 10615333 
-1 1200 485 4 10340000 
-1 1200 485 5 10526667 
-1 1200 485 6 10548667 
-1 1200 545 4 10308667 
-1 1200 545 5 10517333 
-1 1200 545 6 10756667 
-1 1500 5 4 9261333 
-1 1500 5 5 9993333 
-1 1500 5 6 10402000 
-1 1500 80 4 9769333 
-1 1500 80 5 10432667 
-1 1500 80 6 9721333 
-1 1500 155 4 10332667 
-1 1500 155 5 10715333 
-1 1500 155 6 10179333 
-1 1500 230 4 10332667 
-1 1500 230 5 10828000 
-1 1500 230 6 10436667 
-1 1500 305 4 10370000 
-1 1500 305 5 10804000 
-1 1500 305 6 10548667 
-1 1500 380 4 10252667 
-1 1500 380 5 10647333 
-1 1500 380 6 10693333 
-1 1500 455 4 10316667 
-1 1500 455 5 10557333 
-1 1500 455 6 10581333 
-1 1500 530 4 10306000 
-1 1500 530 5 10514667 
-1 1500 530 6 10506667 
-1 1500 605 4 10306000 
-1 1500 605 5 10298667 
-1 1500 605 6 10379333 
-1 1500 680 4 10306000 
-1 1500 680 5 10353333 
-1 1500 680 6 10024667 
-1 1800 5 4 9261333 
-1 1800 5 5 10122000 
-1 1800 5 6 10398000 
-1 1800 95 4 10333333 
-1 1800 95 5 10682667 
-1 1800 95 6 9760000 
-1 1800 185 4 10332667 
-1 1800 185 5 10584000 
-1 1800 185 6 10130667 
-1 1800 275 4 10370000 
-1 1800 275 5 10643333 
-1 1800 275 6 10331333 
-1 1800 365 4 10306000 
-1 1800 365 5 10560000 
-1 1800 365 6 10641333 
-1 1800 455 4 10316667 
-1 1800 455 5 10490667 
-1 1800 455 6 10484000 
-1 1800 545 4 10306000 
-1 1800 545 5 10417333 
-1 1800 545 6 10283333 
-1 1800 635 4 10306000 
-1 1800 635 5 10358000 
-1 1800 635 6 10302667 
-1 1800 725 4 10306000 
-1 1800 725 5 10332667 
-1 1800 725 6 10068000 
-1 1800 815 4 10322667 
-1 1800 815 5 10520667 
-1 1800 815 6 10336667 
-1 2000 5 4 9261333 
-1 2000 5 5 10122000 
-1 2000 5 6 10398000 
-1 2000 105 4 10360667 
-1 2000 105 5 10603333 
-1 2000 105 6 9707333 
-1 2000 205 4 10332667 
-1 2000 205 5 10527333 
-1 2000 205 6 9996667 
-1 2000 305 4 10370000 
-1 2000 305 5 10526667 
-1 2000 305 6 10267333 
-1 2000 405 4 10252667 
-1 2000 405 5 10370000 
-1 2000 405 6 10308000 
-1 2000 505 4 10337333 
-1 2000 505 5 10450667 
-1 2000 505 6 10388667 
-1 2000 605 4 10306000 
-1 2000 605 5 10366667 
-1 2000 605 6 10319333 
-1 2000 705 4 10306000 
-1 2000 705 5 10366667 
-1 2000 705 6 10319333 
-1 2000 805 4 10322667 
-1 2000 805 5 10520667 
-1 2000 805 6 10520667 
-1 2000 905 4 10283333 
-1 2000 905 5 10270000 
-1 2000 905 6 10270000 
