1e-04 850 1 6 8780000 
1e-04 850 2 6 3230000 
1e-04 850 3 6 1254000 
1e-04 850 4 6 1254000 
1e-04 850 5 6 0 
1e-04 850 6 6 1576667 
1e-04 850 7 6 0 
1e-04 850 8 6 0 
1e-04 850 9 6 0 
1e-04 850 10 6 0 
1e-04 850 11 6 0 
1e-04 850 12 6 0 
1e-04 850 13 6 0 
1e-04 850 14 6 0 
1e-04 850 15 6 0 
1e-04 850 16 6 0 
1e-04 850 17 6 0 
1e-04 850 18 6 0 
1e-04 850 19 6 0 
1e-04 850 20 6 0 
1e-04 850 21 6 0 
1e-04 850 22 6 0 
1e-04 850 23 6 0 
1e-04 850 24 6 0 
1e-04 850 25 6 0 
1e-04 850 26 6 0 
1e-04 850 27 6 0 
1e-04 850 28 6 0 
1e-04 850 29 6 0 
1e-04 850 30 6 0 
1e-04 850 31 6 0 
1e-04 850 335 6 0 
-1e-04 850 335 6 11090667 
