-0.05 900 437 6 10620000 
-1 850 5 4 9260667 
-1 850 5 5 10019333 
-1 850 5 6 10429333 
-1 850 7 4 8969333 
-1 850 7 5 9993333 
-1 850 7 6 10272000 
-1 850 9 4 8935333 
-1 850 9 5 10041333 
-1 850 9 6 10257333 
-1 850 11 4 8989333 
-1 850 11 5 10051333 
-1 850 11 6 10267333 
-1 850 13 4 9258667 
-1 850 13 5 10098667 
-1 850 13 6 10185333 
-1 850 15 4 9257333 
-1 850 15 5 10260667 
-1 850 15 6 10224000 
-1 850 17 4 9352667 
-1 850 17 5 10342000 
-1 850 17 6 10304000 
-1 850 19 4 9348667 
-1 850 19 5 10332000 
-1 850 19 6 10392000 
-1 850 21 4 9333333 
-1 850 21 5 10299333 
-1 850 21 6 10320667 
-1 850 23 4 9337333 
-1 850 23 5 10154000 
-1 850 23 6 10064667 
-1 850 25 4 9835333 
-1 850 25 5 10023333 
-1 850 25 6 10075333 
-1 850 27 4 9857333 
-1 850 27 5 10040667 
-1 850 27 6 10161333 
-1 850 29 4 9856000 
-1 850 29 5 10036000 
-1 850 29 6 10261333 
-1 850 31 4 9853333 
-1 850 31 5 10029333 
-1 850 31 6 10283333 
-1 850 33 4 9852000 
-1 850 33 5 10141333 
-1 850 33 6 10280667 
-1 850 35 4 9714000 
-1 850 35 5 10236667 
-1 850 35 6 10090667 
-1 850 37 4 9713333 
-1 850 37 5 10235333 
-1 850 37 6 10035333 
-1 850 39 4 9712667 
-1 850 39 5 10278000 
-1 850 39 6 9932000 
-1 850 41 4 9710667 
-1 850 41 5 10272000 
-1 850 41 6 9927333 
-1 850 43 4 9704000 
-1 850 43 5 10427333 
-1 850 43 6 10062667 
-1 850 45 4 9700667 
-1 850 45 5 10420667 
-1 850 45 6 9939333 
-1 850 47 4 9699333 
-1 850 47 5 10417333 
-1 850 47 6 10047333 
-1 850 49 4 9661333 
-1 850 49 5 10394667 
-1 850 49 6 9956000 
-1 850 51 4 9658667 
-1 850 51 5 10384000 
-1 850 51 6 9896000 
-1 850 53 4 9656000 
-1 850 53 5 10390667 
-1 850 53 6 9914667 
-1 850 55 4 9671333 
-1 850 55 5 10406000 
-1 850 55 6 9937333 
-1 850 57 4 9704000 
-1 850 57 5 10412667 
-1 850 57 6 9924667 
-1 850 59 4 9703333 
-1 850 59 5 10411333 
-1 850 59 6 9913333 
-1 850 61 4 9713333 
-1 850 61 5 10474000 
-1 850 61 6 9995333 
-1 850 63 4 9713333 
-1 850 63 5 10473333 
-1 850 63 6 9993333 
-1 850 65 4 9765333 
-1 850 65 5 10503333 
-1 850 65 6 10039333 
-1 850 67 4 9765333 
-1 850 67 5 10498667 
-1 850 67 6 9997333 
-1 850 69 4 9765333 
-1 850 69 5 10497333 
-1 850 69 6 9986000 
-1 850 71 4 9765333 
-1 850 71 5 10496667 
-1 850 71 6 9985333 
-1 850 73 4 9765333 
-1 850 73 5 10558667 
-1 850 73 6 10034000 
-1 850 75 4 9765333 
-1 850 75 5 10662667 
-1 850 75 6 10039333 
-1 850 77 4 9765333 
-1 850 77 5 10588000 
-1 850 77 6 10050667 
-1 850 79 4 9765333 
-1 850 79 5 10613333 
-1 850 79 6 10102000 
-1 850 81 4 9764000 
-1 850 81 5 10612667 
-1 850 81 6 10101333 
-1 850 83 4 10326000 
-1 850 83 5 10745333 
-1 850 83 6 10072000 
-1 850 85 4 10325333 
-1 850 85 5 10744000 
-1 850 85 6 10071333 
-1 850 87 4 10325333 
-1 850 87 5 10741333 
-1 850 87 6 10068667 
-1 850 89 4 10324000 
-1 850 89 5 10958000 
-1 850 89 6 10208667 
-1 850 91 4 10324000 
-1 850 91 5 10958000 
-1 850 91 6 10208000 
-1 850 93 4 10324000 
-1 850 93 5 10958000 
-1 850 93 6 10207333 
-1 850 95 4 10322667 
-1 850 95 5 10956667 
-1 850 95 6 10202667 
-1 850 97 4 10350000 
-1 850 97 5 10982000 
-1 850 97 6 10215333 
-1 850 99 4 10350000 
-1 850 99 5 10980000 
-1 850 99 6 10254667 
-1 850 101 4 10350000 
-1 850 101 5 10980000 
-1 850 101 6 10284000 
-1 850 103 4 10340000 
-1 850 103 5 10970000 
-1 850 103 6 10271333 
-1 850 105 4 10340000 
-1 850 105 5 10972000 
-1 850 105 6 10272000 
-1 850 107 4 10340000 
-1 850 107 5 10970000 
-1 850 107 6 10268000 
-1 850 109 4 10372000 
-1 850 109 5 11035333 
-1 850 109 6 10449333 
-1 850 111 4 10360667 
-1 850 111 5 10867333 
-1 850 111 6 10606667 
-1 850 113 4 10358667 
-1 850 113 5 10864667 
-1 850 113 6 10636667 
-1 850 115 4 10358667 
-1 850 115 5 10863333 
-1 850 115 6 10662667 
-1 850 117 4 10358667 
-1 850 117 5 10862667 
-1 850 117 6 10662000 
-1 850 119 4 10307333 
-1 850 119 5 10773333 
-1 850 119 6 10458000 
-1 850 121 4 10307333 
-1 850 121 5 10773333 
-1 850 121 6 10492667 
-1 850 123 4 10307333 
-1 850 123 5 10773333 
-1 850 123 6 10491333 
-1 850 125 4 10307333 
-1 850 125 5 10772667 
-1 850 125 6 10490667 
-1 850 127 4 10307333 
-1 850 127 5 10772667 
-1 850 127 6 10488667 
-1 850 129 4 10307333 
-1 850 129 5 10772000 
-1 850 129 6 10487333 
-1 850 131 4 10307333 
-1 850 131 5 10770667 
-1 850 131 6 10485333 
-1 850 133 4 10307333 
-1 850 133 5 10770667 
-1 850 133 6 10485333 
-1 850 135 4 10307333 
-1 850 135 5 10770667 
-1 850 135 6 10485333 
-1 850 137 4 10307333 
-1 850 137 5 10770667 
-1 850 137 6 10484000 
-1 850 139 4 10307333 
-1 850 139 5 10770667 
-1 850 139 6 10484000 
-1 850 141 4 10307333 
-1 850 141 5 10770000 
-1 850 141 6 10483333 
-1 850 143 4 10307333 
-1 850 143 5 10770000 
-1 850 143 6 10508000 
-1 850 145 4 10307333 
-1 850 145 5 10770000 
-1 850 145 6 10507333 
-1 850 147 4 10307333 
-1 850 147 5 10774000 
-1 850 147 6 10511333 
-1 850 149 4 10307333 
-1 850 149 5 10774000 
-1 850 149 6 10493333 
-1 850 151 4 10307333 
-1 850 151 5 10774000 
-1 850 151 6 10491333 
-1 850 153 4 10307333 
-1 850 153 5 10774000 
-1 850 153 6 10491333 
-1 850 155 4 10307333 
-1 850 155 5 10774000 
-1 850 155 6 10511333 
-1 850 157 4 10307333 
-1 850 157 5 10772000 
-1 850 157 6 10509333 
-1 850 159 4 10307333 
-1 850 159 5 10772000 
-1 850 159 6 10509333 
-1 850 161 4 10307333 
-1 850 161 5 10771333 
-1 850 161 6 10512667 
-1 850 163 4 10307333 
-1 850 163 5 10771333 
-1 850 163 6 10512000 
-1 850 165 4 10307333 
-1 850 165 5 10771333 
-1 850 165 6 10512000 
-1 850 167 4 10307333 
-1 850 167 5 10769333 
-1 850 167 6 10509333 
-1 850 169 4 10307333 
-1 850 169 5 10768000 
-1 850 169 6 10504667 
-1 850 171 4 10307333 
-1 850 171 5 10768000 
-1 850 171 6 10556000 
-1 850 173 4 10307333 
-1 850 173 5 10764667 
-1 850 173 6 10552667 
-1 850 175 4 10307333 
-1 850 175 5 10762667 
-1 850 175 6 10550667 
-1 850 177 4 10307333 
-1 850 177 5 10753333 
-1 850 177 6 10541333 
-1 850 179 4 10307333 
-1 850 179 5 10750000 
-1 850 179 6 10504667 
-1 850 181 4 10307333 
-1 850 181 5 10810000 
-1 850 181 6 10582667 
-1 850 183 4 10307333 
-1 850 183 5 10810000 
-1 850 183 6 10618000 
-1 850 185 4 10307333 
-1 850 185 5 10810000 
-1 850 185 6 10618000 
-1 850 187 4 10307333 
-1 850 187 5 10808667 
-1 850 187 6 10644667 
-1 850 189 4 10307333 
-1 850 189 5 10808000 
-1 850 189 6 10582000 
-1 850 191 4 10307333 
-1 850 191 5 10807333 
-1 850 191 6 10581333 
-1 850 193 4 10307333 
-1 850 193 5 10826000 
-1 850 193 6 10600000 
-1 850 195 4 10307333 
-1 850 195 5 10825333 
-1 850 195 6 10599333 
-1 850 197 4 10307333 
-1 850 197 5 10824667 
-1 850 197 6 10598000 
-1 850 199 4 10307333 
-1 850 199 5 10824667 
-1 850 199 6 10592000 
-1 850 201 4 10307333 
-1 850 201 5 10824667 
-1 850 201 6 10588667 
-1 850 203 4 10307333 
-1 850 203 5 10822667 
-1 850 203 6 10583333 
-1 850 205 4 10307333 
-1 850 205 5 10858000 
-1 850 205 6 10618667 
-1 850 207 4 10307333 
-1 850 207 5 10897333 
-1 850 207 6 10602667 
-1 850 209 4 10307333 
-1 850 209 5 10896000 
-1 850 209 6 10601333 
-1 850 211 4 10307333 
-1 850 211 5 10895333 
-1 850 211 6 10600667 
-1 850 213 4 10307333 
-1 850 213 5 10894667 
-1 850 213 6 10600000 
-1 850 215 4 10307333 
-1 850 215 5 10886667 
-1 850 215 6 10592000 
-1 850 217 4 10307333 
-1 850 217 5 10885333 
-1 850 217 6 10541333 
-1 850 219 4 10307333 
-1 850 219 5 10885333 
-1 850 219 6 10539333 
-1 850 221 4 10307333 
-1 850 221 5 10885333 
-1 850 221 6 10535333 
-1 850 223 4 10307333 
-1 850 223 5 10884000 
-1 850 223 6 10504667 
-1 850 225 4 10307333 
-1 850 225 5 10883333 
-1 850 225 6 10570000 
-1 850 227 4 10307333 
-1 850 227 5 10882667 
-1 850 227 6 10566000 
-1 850 229 4 10307333 
-1 850 229 5 10881333 
-1 850 229 6 10638000 
-1 850 231 4 10307333 
-1 850 231 5 10880000 
-1 850 231 6 10628000 
-1 850 233 4 10307333 
-1 850 233 5 10877333 
-1 850 233 6 10625333 
-1 850 235 4 10307333 
-1 850 235 5 10867333 
-1 850 235 6 10614667 
-1 850 237 4 10307333 
-1 850 237 5 10867333 
-1 850 237 6 10614667 
-1 850 239 4 10307333 
-1 850 239 5 10866000 
-1 850 239 6 10613333 
-1 850 241 4 10307333 
-1 850 241 5 10884000 
-1 850 241 6 10631333 
-1 850 243 4 10307333 
-1 850 243 5 10884000 
-1 850 243 6 10630667 
-1 850 245 4 10307333 
-1 850 245 5 10884000 
-1 850 245 6 10630667 
-1 850 247 4 10307333 
-1 850 247 5 10884000 
-1 850 247 6 10628667 
-1 850 249 4 10307333 
-1 850 249 5 10884000 
-1 850 249 6 10642667 
-1 850 251 4 10307333 
-1 850 251 5 10884000 
-1 850 251 6 10642667 
-1 850 253 4 10307333 
-1 850 253 5 10884000 
-1 850 253 6 10642667 
-1 850 255 4 10307333 
-1 850 255 5 10884000 
-1 850 255 6 10642667 
-1 850 257 4 10307333 
-1 850 257 5 10882667 
-1 850 257 6 10638000 
-1 850 259 4 10306667 
-1 850 259 5 10881333 
-1 850 259 6 10636667 
-1 850 261 4 10344667 
-1 850 261 5 10869333 
-1 850 261 6 10742000 
-1 850 263 4 10344667 
-1 850 263 5 10869333 
-1 850 263 6 10699333 
-1 850 265 4 10344667 
-1 850 265 5 10869333 
-1 850 265 6 10697333 
-1 850 267 4 10344667 
-1 850 267 5 10869333 
-1 850 267 6 10698000 
-1 850 269 4 10344667 
-1 850 269 5 10869333 
-1 850 269 6 10696000 
-1 850 271 4 10344667 
-1 850 271 5 10869333 
-1 850 271 6 10696000 
-1 850 273 4 10344667 
-1 850 273 5 10869333 
-1 850 273 6 10692667 
-1 850 275 4 10344667 
-1 850 275 5 10869333 
-1 850 275 6 10713333 
-1 850 277 4 10344667 
-1 850 277 5 10868667 
-1 850 277 6 10712667 
-1 850 279 4 10344667 
-1 850 279 5 10868000 
-1 850 279 6 10712000 
-1 850 281 4 10344667 
-1 850 281 5 10837333 
-1 850 281 6 10681333 
-1 850 283 4 10344667 
-1 850 283 5 10837333 
-1 850 283 6 10681333 
-1 850 285 4 10344667 
-1 850 285 5 10826667 
-1 850 285 6 10753333 
-1 850 287 4 10344667 
-1 850 287 5 10826667 
-1 850 287 6 10753333 
-1 850 289 4 10344667 
-1 850 289 5 10826667 
-1 850 289 6 10753333 
-1 850 291 4 10344667 
-1 850 291 5 10826667 
-1 850 291 6 10753333 
-1 850 293 4 10344667 
-1 850 293 5 10826667 
-1 850 293 6 10753333 
-1 850 295 4 10344667 
-1 850 295 5 10826667 
-1 850 295 6 10753333 
-1 850 297 4 10344667 
-1 850 297 5 10826667 
-1 850 297 6 10753333 
-1 850 299 4 10344667 
-1 850 299 5 10826667 
-1 850 299 6 10753333 
-1 850 301 4 10344667 
-1 850 301 5 10826667 
-1 850 301 6 10753333 
-1 850 303 4 10344667 
-1 850 303 5 10826667 
-1 850 303 6 10753333 
-1 850 305 4 10344667 
-1 850 305 5 10826000 
-1 850 305 6 10753333 
-1 850 307 4 10344667 
-1 850 307 5 10826000 
-1 850 307 6 10753333 
-1 850 309 4 10344667 
-1 850 309 5 10826000 
-1 850 309 6 10753333 
-1 850 311 4 10344667 
-1 850 311 5 10812000 
-1 850 311 6 10787333 
-1 850 313 4 10344667 
-1 850 313 5 10818667 
-1 850 313 6 10824000 
-1 850 315 4 10344667 
-1 850 315 5 10818667 
-1 850 315 6 10793333 
-1 850 317 4 10344667 
-1 850 317 5 10818667 
-1 850 317 6 10793333 
-1 850 319 4 10344667 
-1 850 319 5 10818667 
-1 850 319 6 10793333 
-1 850 321 4 10344667 
-1 850 321 5 10818667 
-1 850 321 6 10796667 
-1 850 323 4 10344667 
-1 850 323 5 10818667 
-1 850 323 6 10796000 
-1 850 325 4 10344667 
-1 850 325 5 10818667 
-1 850 325 6 10796000 
-1 850 327 4 10344667 
-1 850 327 5 10818667 
-1 850 327 6 10798000 
-1 850 329 4 10344667 
-1 850 329 5 10818667 
-1 850 329 6 10796667 
-1 850 331 4 10344667 
-1 850 331 5 10818667 
-1 850 331 6 10795333 
-1 850 333 4 10344667 
-1 850 333 5 10822667 
-1 850 333 6 10775333 
-1 850 335 4 10344667 
-1 850 335 5 10833333 
-1 850 335 6 11090667 
-1 850 337 4 10344667 
-1 850 337 5 10833333 
-1 850 337 6 11088667 
-1 850 339 4 10344667 
-1 850 339 5 10833333 
-1 850 339 6 11088667 
-1 850 341 4 10344667 
-1 850 341 5 10832667 
-1 850 341 6 11086000 
-1 850 343 4 10344667 
-1 850 343 5 10832000 
-1 850 343 6 11084000 
-1 850 345 4 10344667 
-1 850 345 5 10832000 
-1 850 345 6 11088667 
-1 850 347 4 10344667 
-1 850 347 5 10831333 
-1 850 347 6 11084667 
-1 850 349 4 10344667 
-1 850 349 5 10830667 
-1 850 349 6 11081333 
-1 850 351 4 10344667 
-1 850 351 5 10828667 
-1 850 351 6 11074667 
-1 850 353 4 10344667 
-1 850 353 5 10828667 
-1 850 353 6 11073333 
-1 850 355 4 10344667 
-1 850 355 5 10828000 
-1 850 355 6 11070000 
-1 850 357 4 10344667 
-1 850 357 5 10828000 
-1 850 357 6 11070000 
-1 850 359 4 10344667 
-1 850 359 5 10827333 
-1 850 359 6 11010667 
-1 850 361 4 10316667 
-1 850 361 5 10768667 
-1 850 361 6 10894667 
-1 850 363 4 10316667 
-1 850 363 5 10768000 
-1 850 363 6 10894000 
-1 850 365 4 10316667 
-1 850 365 5 10767333 
-1 850 365 6 11018000 
-1 850 367 4 10263333 
-1 850 367 5 10671333 
-1 850 367 6 10912000 
-1 850 369 4 10263333 
-1 850 369 5 10671333 
-1 850 369 6 10914667 
-1 850 371 4 10263333 
-1 850 371 5 10671333 
-1 850 371 6 10914667 
-1 850 373 4 10302000 
-1 850 373 5 10734667 
-1 850 373 6 10978000 
-1 850 375 4 10301333 
-1 850 375 5 10745333 
-1 850 375 6 10988000 
-1 850 377 4 10300000 
-1 850 377 5 10744000 
-1 850 377 6 10984667 
-1 850 379 4 10290667 
-1 850 379 5 10734000 
-1 850 379 6 10974000 
-1 850 381 4 10290667 
-1 850 381 5 10733333 
-1 850 381 6 10973333 
-1 850 383 4 10290667 
-1 850 383 5 10772667 
-1 850 383 6 11011333 
-1 850 385 4 10290667 
-1 850 385 5 10665333 
-1 850 385 6 10904000 
-1 850 387 4 10290667 
-1 850 387 5 10664667 
-1 850 387 6 10903333 
-1 850 389 4 10290667 
-1 850 389 5 10664000 
-1 850 389 6 10901333 
-1 850 391 4 10290667 
-1 850 391 5 10663333 
-1 850 391 6 10900000 
-1 850 393 4 10290667 
-1 850 393 5 10660667 
-1 850 393 6 10896000 
-1 850 395 4 10290667 
-1 850 395 5 10642000 
-1 850 395 6 10913333 
-1 850 397 4 10290667 
-1 850 397 5 10642000 
-1 850 397 6 10912667 
-1 850 399 4 10290667 
-1 850 399 5 10640667 
-1 850 399 6 10908000 
-1 850 401 4 10290667 
-1 850 401 5 10640000 
-1 850 401 6 10906000 
-1 850 403 4 10290667 
-1 850 403 5 10654667 
-1 850 403 6 10920000 
-1 850 405 4 10290667 
-1 850 405 5 10643333 
-1 850 405 6 10908667 
-1 850 407 4 10290667 
-1 850 407 5 10595333 
-1 850 407 6 10878000 
-1 850 409 4 10290667 
-1 850 409 5 10595333 
-1 850 409 6 10878000 
-1 850 411 4 10290667 
-1 850 411 5 10587333 
-1 850 411 6 10864000 
-1 850 413 4 10290667 
-1 850 413 5 10587333 
-1 850 413 6 10876000 
-1 850 415 4 10290667 
-1 850 415 5 10587333 
-1 850 415 6 10876000 
-1 850 417 4 10290667 
-1 850 417 5 10558667 
-1 850 417 6 10847333 
-1 850 419 4 10290667 
-1 850 419 5 10558667 
-1 850 419 6 10847333 
-1 850 421 4 10290667 
-1 850 421 5 10558667 
-1 850 421 6 10847333 
-1 850 423 4 10290667 
-1 850 423 5 10558667 
-1 850 423 6 10847333 
-1 850 425 4 10290667 
-1 850 425 5 10509333 
-1 850 425 6 10798000 
-1 400 5 6 10406000 
-1 400 6 6 10216000 
-1 400 7 6 10283333 
-1 400 8 6 10258667 
-1 400 9 6 10250000 
-1 400 10 6 10231333 
-1 400 11 6 10234667 
-1 400 12 6 10204667 
-1 400 13 6 10141333 
-1 400 14 6 10154667 
-1 400 15 6 10248000 
-1 400 16 6 10286667 
-1 400 17 6 10335333 
-1 400 18 6 10428667 
-1 400 19 6 10413333 
-1 400 20 6 10364000 
-1 400 21 6 10336000 
-1 400 22 6 10248667 
-1 400 23 6 10087333 
-1 400 24 6 9974000 
-1 400 25 6 10100000 
-1 400 26 6 10122667 
-1 400 27 6 10126667 
-1 400 28 6 10221333 
-1 400 29 6 10237333 
-1 400 30 6 10184667 
-1 400 31 6 10276000 
-1 400 32 6 10292667 
-1 400 33 6 10304667 
-1 400 34 6 10244000 
-1 400 35 6 10166667 
-1 400 36 6 10165333 
-1 400 37 6 10110667 
-1 400 38 6 9920000 
-1 400 39 6 10079333 
-1 400 40 6 10064000 
-1 400 41 6 10060000 
-1 400 42 6 10054667 
-1 400 43 6 10108667 
-1 400 44 6 10231333 
-1 400 45 6 10031333 
-1 400 46 6 10109333 
-1 400 47 6 10121333 
-1 400 48 6 10118000 
-1 400 49 6 10096000 
-1 400 50 6 10058000 
-1 400 51 6 9966000 
-1 400 52 6 9981333 
-1 400 53 6 10008000 
-1 400 54 6 9938667 
-1 400 55 6 9962667 
-1 400 56 6 9936000 
-1 400 57 6 9924667 
-1 400 58 6 9974667 
-1 400 59 6 9955333 
-1 400 60 6 10048667 
-1 400 61 6 10062667 
-1 400 62 6 10061333 
-1 400 63 6 10059333 
-1 400 64 6 10097333 
-1 400 65 6 10100000 
-1 400 66 6 10122667 
-1 400 67 6 10072667 
-1 400 68 6 9996667 
-1 400 69 6 10009333 
-1 400 70 6 10008667 
-1 400 71 6 10032667 
-1 400 72 6 10004667 
-1 400 73 6 10087333 
-1 400 74 6 10093333 
-1 400 75 6 10091333 
-1 400 76 6 10100000 
-1 400 77 6 10094000 
-1 400 78 6 10082667 
-1 400 79 6 10134667 
-1 400 80 6 10134000 
-1 400 81 6 10133333 
-1 400 82 6 10169333 
-1 400 83 6 10060667 
-1 400 84 6 10034667 
-1 400 85 6 10034667 
-1 400 86 6 10032667 
-1 400 87 6 10022667 
-1 400 88 6 10049333 
-1 400 89 6 10162000 
-1 400 90 6 10138000 
-1 400 91 6 10136667 
-1 400 92 6 10074000 
-1 400 93 6 10071333 
-1 400 94 6 10138000 
-1 400 95 6 10136000 
-1 400 96 6 10134000 
-1 400 97 6 10147333 
-1 400 98 6 10190000 
-1 400 99 6 10186000 
-1 400 100 6 10187333 
-1 400 101 6 10186000 
-1 400 102 6 10159333 
-1 400 103 6 10158000 
-1 400 104 6 10159333 
-1 400 105 6 10158667 
-1 400 106 6 10157333 
-1 400 107 6 10155333 
-1 400 108 6 10184000 
-1 400 109 6 10378000 
-1 400 110 6 10535333 
-1 400 111 6 10532667 
-1 400 112 6 10530000 
-1 400 113 6 10560000 
-1 400 114 6 10550667 
-1 400 115 6 10584000 
-1 400 116 6 10531333 
-1 400 117 6 10556667 
-1 400 118 6 10517333 
-1 400 119 6 10427333 
-1 400 120 6 10494667 
-1 400 121 6 10494667 
-1 400 122 6 10494000 
-1 400 123 6 10493333 
-1 400 124 6 10492667 
-1 400 125 6 10480000 
-1 400 126 6 10478000 
-1 400 127 6 10477333 
-1 400 128 6 10486667 
-1 400 129 6 10484667 
-1 400 130 6 10482667 
-1 400 131 6 10481333 
-1 400 132 6 10481333 
-1 400 133 6 10481333 
-1 400 134 6 10480667 
-1 400 135 6 10450000 
-1 400 136 6 10448667 
-1 400 137 6 10448000 
-1 400 138 6 10445333 
-1 400 139 6 10493333 
-1 400 140 6 10492667 
-1 400 141 6 10490667 
-1 400 142 6 10514000 
-1 400 143 6 10508667 
-1 400 144 6 10506667 
-1 400 145 6 10506000 
-1 400 146 6 10510000 
-1 400 147 6 10510000 
-1 400 148 6 10491333 
-1 400 149 6 10490667 
-1 400 150 6 10489333 
-1 400 151 6 10486667 
-1 400 152 6 10468667 
-1 400 153 6 10468000 
-1 400 154 6 10468000 
-1 400 155 6 10488000 
-1 400 156 6 10525333 
-1 400 157 6 10524667 
-1 400 158 6 10523333 
-1 400 159 6 10520000 
-1 400 160 6 10521333 
-1 400 161 6 10520000 
-1 400 162 6 10518667 
-1 400 163 6 10544667 
-1 400 164 6 10544000 
-1 400 165 6 10551333 
-1 400 166 6 10550000 
-1 400 167 6 10548667 
-1 400 168 6 10544667 
-1 400 169 6 10543333 
-1 400 170 6 10542000 
-1 400 171 6 10593333 
-1 400 172 6 10593333 
-1 400 173 6 10532667 
-1 400 174 6 10532667 
-1 400 175 6 10530000 
-1 400 176 6 10529333 
-1 400 177 6 10417333 
-1 400 178 6 10408000 
-1 400 179 6 10370667 
-1 400 180 6 10507333 
-1 400 181 6 10506667 
-1 400 182 6 10506667 
-1 400 183 6 10541333 
-1 400 184 6 10541333 
-1 400 185 6 10541333 
-1 400 186 6 10550667 
-1 400 187 6 10578000 
-1 400 188 6 10515333 
-1 400 189 6 10515333 
-1 400 190 6 10515333 
-1 400 191 6 10514667 
-1 400 192 6 10534667 
-1 400 193 6 10533333 
-1 400 194 6 10532667 
-1 400 195 6 10532667 
-1 400 196 6 10495333 
-1 400 197 6 10493333 
-1 400 198 6 10492667 
-1 400 199 6 10486667 
-1 400 200 6 10486667 
-1 500 5 6 10406000 
-1 500 6 6 10218000 
-1 500 7 6 10288667 
-1 500 8 6 10262000 
-1 500 9 6 10260667 
-1 500 10 6 10242000 
-1 500 11 6 10244667 
-1 500 12 6 10216000 
-1 500 13 6 10152667 
-1 500 14 6 10170000 
-1 500 15 6 10263333 
-1 500 16 6 10296000 
-1 500 17 6 10344667 
-1 500 18 6 10447333 
-1 500 19 6 10432000 
-1 500 20 6 10382667 
-1 500 21 6 10354667 
-1 500 22 6 10267333 
-1 500 23 6 10041333 
-1 500 24 6 9919333 
-1 500 25 6 10042000 
-1 500 26 6 10069333 
-1 500 27 6 10074667 
-1 500 28 6 10163333 
-1 500 29 6 10179333 
-1 500 30 6 10126667 
-1 500 31 6 10224667 
-1 500 32 6 10235333 
-1 500 33 6 10240000 
-1 500 34 6 10090000 
-1 500 35 6 10012667 
-1 500 36 6 10011333 
-1 500 37 6 9956667 
-1 500 38 6 9766000 
-1 500 39 6 9925333 
-1 500 40 6 9910000 
-1 500 41 6 9906667 
-1 500 42 6 9902000 
-1 500 43 6 10041333 
-1 500 44 6 10164000 
-1 500 45 6 10036000 
-1 500 46 6 10142000 
-1 500 47 6 10154000 
-1 500 48 6 10159333 
-1 500 49 6 10071333 
-1 500 50 6 10034667 
-1 500 51 6 9942667 
-1 500 52 6 9947333 
-1 500 53 6 9974000 
-1 500 54 6 9964000 
-1 500 55 6 9988000 
-1 500 56 6 9961333 
-1 500 57 6 9950000 
-1 500 58 6 9940667 
-1 500 59 6 9921333 
-1 500 60 6 10014667 
-1 500 61 6 10028667 
-1 500 62 6 10027333 
-1 500 63 6 10025333 
-1 500 64 6 10068000 
-1 500 65 6 10070667 
-1 500 66 6 10067333 
-1 500 67 6 9976667 
-1 500 68 6 9900667 
-1 500 69 6 9899333 
-1 500 70 6 9898667 
-1 500 71 6 9922667 
-1 500 72 6 9894667 
-1 500 73 6 9977333 
-1 500 74 6 9983333 
-1 500 75 6 9981333 
-1 500 76 6 9990000 
-1 500 77 6 9984000 
-1 500 78 6 9972667 
-1 500 79 6 10024667 
-1 500 80 6 10045333 
-1 500 81 6 10044667 
-1 500 82 6 10080667 
-1 500 83 6 9973333 
-1 500 84 6 9948000 
-1 500 85 6 9948000 
-1 500 86 6 9946000 
-1 500 87 6 9936000 
-1 500 88 6 9939333 
-1 500 89 6 10052000 
-1 500 90 6 10028000 
-1 500 91 6 10026667 
-1 500 92 6 9964000 
-1 500 93 6 9961333 
-1 500 94 6 10028000 
-1 500 95 6 10026000 
-1 500 96 6 10024000 
-1 500 97 6 10037333 
-1 500 98 6 10080000 
-1 500 99 6 10076000 
-1 500 100 6 10077333 
-1 500 101 6 10076000 
-1 500 102 6 10064000 
-1 500 103 6 10062667 
-1 500 104 6 10064000 
-1 500 105 6 10063333 
-1 500 106 6 10062000 
-1 500 107 6 10060000 
-1 500 108 6 10088667 
-1 500 109 6 10282667 
-1 500 110 6 10440000 
-1 500 111 6 10437333 
-1 500 112 6 10434667 
-1 500 113 6 10464667 
-1 500 114 6 10455333 
-1 500 115 6 10488667 
-1 500 116 6 10436000 
-1 500 117 6 10461333 
-1 500 118 6 10422000 
-1 500 119 6 10332000 
-1 500 120 6 10399333 
-1 500 121 6 10399333 
-1 500 122 6 10398667 
-1 500 123 6 10398000 
-1 500 124 6 10397333 
-1 500 125 6 10385333 
-1 500 126 6 10384000 
-1 500 127 6 10383333 
-1 500 128 6 10392667 
-1 500 129 6 10390667 
-1 500 130 6 10388667 
-1 500 131 6 10388000 
-1 500 132 6 10388000 
-1 500 133 6 10388000 
-1 500 134 6 10388000 
-1 500 135 6 10358667 
-1 500 136 6 10357333 
-1 500 137 6 10356667 
-1 500 138 6 10354000 
-1 500 139 6 10402000 
-1 500 140 6 10401333 
-1 500 141 6 10400000 
-1 500 142 6 10423333 
-1 500 143 6 10418667 
-1 500 144 6 10416667 
-1 500 145 6 10416667 
-1 500 146 6 10420667 
-1 500 147 6 10420667 
-1 500 148 6 10402000 
-1 500 149 6 10401333 
-1 500 150 6 10400000 
-1 500 151 6 10398000 
-1 500 152 6 10380667 
-1 500 153 6 10380000 
-1 500 154 6 10380000 
-1 500 155 6 10400000 
-1 500 156 6 10437333 
-1 500 157 6 10436667 
-1 500 158 6 10436667 
-1 500 159 6 10436667 
-1 500 160 6 10440000 
-1 500 161 6 10439333 
-1 500 162 6 10438667 
-1 500 163 6 10464667 
-1 500 164 6 10464000 
-1 500 165 6 10471333 
-1 500 166 6 10470000 
-1 500 167 6 10468667 
-1 500 168 6 10464667 
-1 500 169 6 10464000 
-1 500 170 6 10464000 
-1 500 171 6 10515333 
-1 500 172 6 10515333 
-1 500 173 6 10511333 
-1 500 174 6 10511333 
-1 500 175 6 10508667 
-1 500 176 6 10508000 
-1 500 177 6 10396000 
-1 500 178 6 10386667 
-1 500 179 6 10349333 
-1 500 180 6 10486000 
-1 500 181 6 10485333 
-1 500 182 6 10485333 
-1 500 183 6 10520000 
-1 500 184 6 10520000 
-1 500 185 6 10520000 
-1 500 186 6 10529333 
-1 500 187 6 10556667 
-1 500 188 6 10494000 
-1 500 189 6 10494000 
-1 500 190 6 10494000 
-1 500 191 6 10493333 
-1 500 192 6 10513333 
-1 500 193 6 10512000 
-1 500 194 6 10511333 
-1 500 195 6 10511333 
-1 500 196 6 10474000 
-1 500 197 6 10472000 
-1 500 198 6 10471333 
-1 500 199 6 10465333 
-1 500 200 6 10465333 
-1 500 201 6 10462000 
-1 500 202 6 10496667 
-1 500 203 6 10492667 
-1 500 204 6 10486667 
-1 500 205 6 10524667 
-1 500 206 6 10524667 
-1 500 207 6 10506667 
-1 500 208 6 10506000 
-1 500 209 6 10504667 
-1 500 210 6 10502667 
-1 500 211 6 10502667 
-1 500 212 6 10501333 
-1 500 213 6 10501333 
-1 500 214 6 10491333 
-1 500 215 6 10490667 
-1 500 216 6 10438667 
-1 500 217 6 10436667 
-1 500 218 6 10434000 
-1 500 219 6 10431333 
-1 500 220 6 10427333 
-1 500 221 6 10478000 
-1 500 222 6 10399333 
-1 500 223 6 10472667 
-1 500 224 6 10537333 
-1 500 225 6 10536667 
-1 500 226 6 10532667 
-1 500 227 6 10504000 
-1 500 228 6 10493333 
-1 500 229 6 10567333 
-1 500 230 6 10554000 
-1 500 231 6 10579333 
-1 500 232 6 10586000 
-1 500 233 6 10583333 
-1 500 234 6 10570000 
-1 500 235 6 10606667 
-1 500 236 6 10606000 
-1 500 237 6 10604000 
-1 500 238 6 10601333 
-1 500 239 6 10661333 
-1 500 240 6 10679333 
-1 500 241 6 10678667 
-1 500 242 6 10678000 
-1 500 243 6 10675333 
-1 500 244 6 10674667 
-1 500 245 6 10674000 
-1 500 246 6 10670000 
-1 500 247 6 10669333 
-1 500 248 6 10683333 
-1 500 249 6 10681333 
-1 500 250 6 10678667 
-1 600 5 6 10406000 
-1 600 6 6 10219333 
-1 600 7 6 10290000 
-1 600 8 6 10264000 
-1 600 9 6 10260667 
-1 600 10 6 10246000 
-1 600 11 6 10247333 
-1 600 12 6 10224000 
-1 600 13 6 10160667 
-1 600 14 6 10182000 
-1 600 15 6 10202000 
-1 600 16 6 10234667 
-1 600 17 6 10284000 
-1 600 18 6 10386000 
-1 600 19 6 10371333 
-1 600 20 6 10324000 
-1 600 21 6 10297333 
-1 600 22 6 10258667 
-1 600 23 6 10040000 
-1 600 24 6 9918000 
-1 600 25 6 10016000 
-1 600 26 6 10044667 
-1 600 27 6 10050667 
-1 600 28 6 10140000 
-1 600 29 6 10157333 
-1 600 30 6 10114000 
-1 600 31 6 10178667 
-1 600 32 6 10192000 
-1 600 33 6 10197333 
-1 600 34 6 10070667 
-1 600 35 6 9993333 
-1 600 36 6 9992000 
-1 600 37 6 9937333 
-1 600 38 6 9734000 
-1 600 39 6 9893333 
-1 600 40 6 9892000 
-1 600 41 6 9888667 
-1 600 42 6 9884000 
-1 600 43 6 10024000 
-1 600 44 6 10146667 
-1 600 45 6 10025333 
-1 600 46 6 10131333 
-1 600 47 6 10128000 
-1 600 48 6 10124667 
-1 600 49 6 10036667 
-1 600 50 6 10016000 
-1 600 51 6 9924000 
-1 600 52 6 9940000 
-1 600 53 6 9968000 
-1 600 54 6 9960667 
-1 600 55 6 9984667 
-1 600 56 6 9958667 
-1 600 57 6 9972667 
-1 600 58 6 9964000 
-1 600 59 6 9954667 
-1 600 60 6 10022667 
-1 600 61 6 10036667 
-1 600 62 6 10036000 
-1 600 63 6 10034667 
-1 600 64 6 10077333 
-1 600 65 6 10080000 
-1 600 66 6 10076667 
-1 600 67 6 10013333 
-1 600 68 6 9937333 
-1 600 69 6 9936000 
-1 600 70 6 9936000 
-1 600 71 6 9935333 
-1 600 72 6 9947333 
-1 600 73 6 10030000 
-1 600 74 6 10036000 
-1 600 75 6 10034000 
-1 600 76 6 10042667 
-1 600 77 6 10080667 
-1 600 78 6 10069333 
-1 600 79 6 10122000 
-1 600 80 6 10122000 
-1 600 81 6 10121333 
-1 600 82 6 10157333 
-1 600 83 6 10081333 
-1 600 84 6 10080667 
-1 600 85 6 10080667 
-1 600 86 6 10078667 
-1 600 87 6 10068667 
-1 600 88 6 10096000 
-1 600 89 6 10208667 
-1 600 90 6 10184667 
-1 600 91 6 10184000 
-1 600 92 6 10183333 
-1 600 93 6 10181333 
-1 600 94 6 10209333 
-1 600 95 6 10207333 
-1 600 96 6 10205333 
-1 600 97 6 10218667 
-1 600 98 6 10261333 
-1 600 99 6 10257333 
-1 600 100 6 10258667 
-1 600 101 6 10257333 
-1 600 102 6 10245333 
-1 600 103 6 10244667 
-1 600 104 6 10246000 
-1 600 105 6 10245333 
-1 600 106 6 10243333 
-1 600 107 6 10241333 
-1 600 108 6 10282000 
-1 600 109 6 10470667 
-1 600 110 6 10628000 
-1 600 111 6 10626000 
-1 600 112 6 10624667 
-1 600 113 6 10654667 
-1 600 114 6 10680000 
-1 600 115 6 10680000 
-1 600 116 6 10627333 
-1 600 117 6 10626667 
-1 600 118 6 10587333 
-1 600 119 6 10424000 
-1 600 120 6 10491333 
-1 600 121 6 10491333 
-1 600 122 6 10490667 
-1 600 123 6 10490000 
-1 600 124 6 10489333 
-1 600 125 6 10477333 
-1 600 126 6 10476000 
-1 600 127 6 10475333 
-1 600 128 6 10474667 
-1 600 129 6 10474000 
-1 600 130 6 10472667 
-1 600 131 6 10472000 
-1 600 132 6 10472000 
-1 600 133 6 10472000 
-1 600 134 6 10472000 
-1 600 135 6 10472000 
-1 600 136 6 10471333 
-1 600 137 6 10470667 
-1 600 138 6 10470667 
-1 600 139 6 10519333 
-1 600 140 6 10519333 
-1 600 141 6 10518667 
-1 600 142 6 10543333 
-1 600 143 6 10543333 
-1 600 144 6 10542667 
-1 600 145 6 10542667 
-1 600 146 6 10546667 
-1 600 147 6 10546667 
-1 600 148 6 10529333 
-1 600 149 6 10528667 
-1 600 150 6 10528000 
-1 600 151 6 10526667 
-1 600 152 6 10526667 
-1 600 153 6 10526667 
-1 600 154 6 10526667 
-1 600 155 6 10546667 
-1 600 156 6 10545333 
-1 600 157 6 10544667 
-1 600 158 6 10544667 
-1 600 159 6 10544667 
-1 600 160 6 10548667 
-1 600 161 6 10548000 
-1 600 162 6 10547333 
-1 600 163 6 10546667 
-1 600 164 6 10547333 
-1 600 165 6 10555333 
-1 600 166 6 10554000 
-1 600 167 6 10552667 
-1 600 168 6 10548667 
-1 600 169 6 10548000 
-1 600 170 6 10548000 
-1 600 171 6 10599333 
-1 600 172 6 10599333 
-1 600 173 6 10596000 
-1 600 174 6 10596000 
-1 600 175 6 10594000 
-1 600 176 6 10594000 
-1 600 177 6 10584667 
-1 600 178 6 10575333 
-1 600 179 6 10540667 
-1 600 180 6 10618667 
-1 600 181 6 10618000 
-1 600 182 6 10618000 
-1 600 183 6 10652667 
-1 600 184 6 10652667 
-1 600 185 6 10652667 
-1 600 186 6 10662000 
-1 600 187 6 10689333 
-1 600 188 6 10626667 
-1 600 189 6 10626667 
-1 600 190 6 10626667 
-1 600 191 6 10626000 
-1 600 192 6 10646000 
-1 600 193 6 10644667 
-1 600 194 6 10644000 
-1 600 195 6 10644000 
-1 600 196 6 10644000 
-1 600 197 6 10642667 
-1 600 198 6 10642667 
-1 600 199 6 10636667 
-1 600 200 6 10636667 
-1 600 201 6 10633333 
-1 600 202 6 10630000 
-1 600 203 6 10628000 
-1 600 204 6 10624000 
-1 600 205 6 10663333 
-1 600 206 6 10663333 
-1 600 207 6 10647333 
-1 600 208 6 10646667 
-1 600 209 6 10646000 
-1 600 210 6 10645333 
-1 600 211 6 10645333 
-1 600 212 6 10644667 
-1 600 213 6 10644667 
-1 600 214 6 10636667 
-1 600 215 6 10636667 
-1 600 216 6 10586000 
-1 600 217 6 10586000 
-1 600 218 6 10584000 
-1 600 219 6 10584000 
-1 600 220 6 10584000 
-1 600 221 6 10580000 
-1 600 222 6 10501333 
-1 600 223 6 10549333 
-1 600 224 6 10614667 
-1 600 225 6 10614667 
-1 600 226 6 10611333 
-1 600 227 6 10610667 
-1 600 228 6 10600000 
-1 600 229 6 10674000 
-1 600 230 6 10673333 
-1 600 231 6 10664000 
-1 600 232 6 10662000 
-1 600 233 6 10661333 
-1 600 234 6 10650000 
-1 600 235 6 10649333 
-1 600 236 6 10649333 
-1 600 237 6 10649333 
-1 600 238 6 10649333 
-1 600 239 6 10648000 
-1 600 240 6 10666000 
-1 600 241 6 10666000 
-1 600 242 6 10666000 
-1 600 243 6 10664000 
-1 600 244 6 10663333 
-1 600 245 6 10663333 
-1 600 246 6 10661333 
-1 600 247 6 10661333 
-1 600 248 6 10675333 
-1 600 249 6 10674667 
-1 600 250 6 10674000 
-1 600 251 6 10674000 
-1 600 252 6 10674000 
-1 600 253 6 10682667 
-1 600 254 6 10681333 
-1 600 255 6 10681333 
-1 600 256 6 10680000 
-1 600 257 6 10637333 
-1 600 258 6 10637333 
-1 600 259 6 10636000 
-1 600 260 6 10639333 
-1 600 261 6 10739333 
-1 600 262 6 10739333 
-1 600 263 6 10696667 
-1 600 264 6 10696667 
-1 600 265 6 10689333 
-1 600 266 6 10689333 
-1 600 267 6 10690000 
-1 600 268 6 10688000 
-1 600 269 6 10688000 
-1 600 270 6 10688000 
-1 600 271 6 10688000 
-1 600 272 6 10684667 
-1 600 273 6 10684667 
-1 600 274 6 10684667 
-1 600 275 6 10705333 
-1 600 276 6 10704667 
-1 600 277 6 10704667 
-1 600 278 6 10704667 
-1 600 279 6 10704000 
-1 600 280 6 10704000 
-1 600 281 6 10673333 
-1 600 282 6 10673333 
-1 600 283 6 10673333 
-1 600 284 6 10745333 
-1 600 285 6 10745333 
-1 600 286 6 10745333 
-1 600 287 6 10745333 
-1 600 288 6 10745333 
-1 600 289 6 10745333 
-1 600 290 6 10744000 
-1 600 291 6 10744000 
-1 600 292 6 10743333 
-1 600 293 6 10742667 
-1 600 294 6 10742667 
-1 600 295 6 10742667 
-1 600 296 6 10742667 
-1 600 297 6 10742667 
-1 600 298 6 10742667 
-1 600 299 6 10741333 
-1 600 300 6 10740667 
-1 700 5 6 10406000 
-1 700 6 6 10220667 
-1 700 7 6 10292667 
-1 700 8 6 10266667 
-1 700 9 6 10263333 
-1 700 10 6 10247333 
-1 700 11 6 10264667 
-1 700 12 6 10244667 
-1 700 13 6 10181333 
-1 700 14 6 10205333 
-1 700 15 6 10220000 
-1 700 16 6 10252667 
-1 700 17 6 10302000 
-1 700 18 6 10404667 
-1 700 19 6 10390000 
-1 700 20 6 10343333 
-1 700 21 6 10316667 
-1 700 22 6 10281333 
-1 700 23 6 10056000 
-1 700 24 6 9934000 
-1 700 25 6 10032000 
-1 700 26 6 10060667 
-1 700 27 6 10066667 
-1 700 28 6 10172667 
-1 700 29 6 10190000 
-1 700 30 6 10146667 
-1 700 31 6 10211333 
-1 700 32 6 10224667 
-1 700 33 6 10230000 
-1 700 34 6 10103333 
-1 700 35 6 10026000 
-1 700 36 6 10024667 
-1 700 37 6 9970000 
-1 700 38 6 9766667 
-1 700 39 6 9870000 
-1 700 40 6 9868667 
-1 700 41 6 9865333 
-1 700 42 6 9860667 
-1 700 43 6 10000667 
-1 700 44 6 9998000 
-1 700 45 6 9876667 
-1 700 46 6 9986000 
-1 700 47 6 9982667 
-1 700 48 6 9979333 
-1 700 49 6 9891333 
-1 700 50 6 9870667 
-1 700 51 6 9778667 
-1 700 52 6 9811333 
-1 700 53 6 9831333 
-1 700 54 6 9830000 
-1 700 55 6 9854000 
-1 700 56 6 9828000 
-1 700 57 6 9841333 
-1 700 58 6 9838667 
-1 700 59 6 9830000 
-1 700 60 6 9898000 
-1 700 61 6 9912000 
-1 700 62 6 9911333 
-1 700 63 6 9910000 
-1 700 64 6 9952667 
-1 700 65 6 9955333 
-1 700 66 6 9952000 
-1 700 67 6 9888667 
-1 700 68 6 9878667 
-1 700 69 6 9877333 
-1 700 70 6 9877333 
-1 700 71 6 9876667 
-1 700 72 6 9894000 
-1 700 73 6 9976667 
-1 700 74 6 9982667 
-1 700 75 6 9980667 
-1 700 76 6 9989333 
-1 700 77 6 10027333 
-1 700 78 6 10016000 
-1 700 79 6 10068667 
-1 700 80 6 10068667 
-1 700 81 6 10068000 
-1 700 82 6 10104000 
-1 700 83 6 10028000 
-1 700 84 6 10027333 
-1 700 85 6 10027333 
-1 700 86 6 10025333 
-1 700 87 6 10024667 
-1 700 88 6 10052000 
-1 700 89 6 10164667 
-1 700 90 6 10164000 
-1 700 91 6 10164000 
-1 700 92 6 10164000 
-1 700 93 6 10163333 
-1 700 94 6 10160667 
-1 700 95 6 10158667 
-1 700 96 6 10157333 
-1 700 97 6 10171333 
-1 700 98 6 10214000 
-1 700 99 6 10210667 
-1 700 100 6 10241333 
-1 700 101 6 10240000 
-1 700 102 6 10228000 
-1 700 103 6 10227333 
-1 700 104 6 10228667 
-1 700 105 6 10228000 
-1 700 106 6 10226000 
-1 700 107 6 10224000 
-1 700 108 6 10264667 
-1 700 109 6 10478000 
-1 700 110 6 10636000 
-1 700 111 6 10635333 
-1 700 112 6 10634000 
-1 700 113 6 10665333 
-1 700 114 6 10691333 
-1 700 115 6 10691333 
-1 700 116 6 10690667 
-1 700 117 6 10690667 
-1 700 118 6 10651333 
-1 700 119 6 10489333 
-1 700 120 6 10524000 
-1 700 121 6 10524000 
-1 700 122 6 10523333 
-1 700 123 6 10522667 
-1 700 124 6 10522000 
-1 700 125 6 10510000 
-1 700 126 6 10508667 
-1 700 127 6 10508000 
-1 700 128 6 10507333 
-1 700 129 6 10506667 
-1 700 130 6 10505333 
-1 700 131 6 10504667 
-1 700 132 6 10504667 
-1 700 133 6 10504667 
-1 700 134 6 10504667 
-1 700 135 6 10504667 
-1 700 136 6 10504000 
-1 700 137 6 10503333 
-1 700 138 6 10503333 
-1 700 139 6 10552000 
-1 700 140 6 10552000 
-1 700 141 6 10551333 
-1 700 142 6 10576000 
-1 700 143 6 10576000 
-1 700 144 6 10575333 
-1 700 145 6 10575333 
-1 700 146 6 10579333 
-1 700 147 6 10579333 
-1 700 148 6 10562000 
-1 700 149 6 10561333 
-1 700 150 6 10560667 
-1 700 151 6 10559333 
-1 700 152 6 10559333 
-1 700 153 6 10559333 
-1 700 154 6 10559333 
-1 700 155 6 10579333 
-1 700 156 6 10578000 
-1 700 157 6 10577333 
-1 700 158 6 10577333 
-1 700 159 6 10577333 
-1 700 160 6 10581333 
-1 700 161 6 10580667 
-1 700 162 6 10580000 
-1 700 163 6 10580000 
-1 700 164 6 10580667 
-1 700 165 6 10580000 
-1 700 166 6 10578667 
-1 700 167 6 10577333 
-1 700 168 6 10573333 
-1 700 169 6 10572667 
-1 700 170 6 10572667 
-1 700 171 6 10624000 
-1 700 172 6 10624000 
-1 700 173 6 10620667 
-1 700 174 6 10620667 
-1 700 175 6 10618667 
-1 700 176 6 10618667 
-1 700 177 6 10609333 
-1 700 178 6 10600000 
-1 700 179 6 10565333 
-1 700 180 6 10644000 
-1 700 181 6 10643333 
-1 700 182 6 10643333 
-1 700 183 6 10678667 
-1 700 184 6 10678667 
-1 700 185 6 10678667 
-1 700 186 6 10678000 
-1 700 187 6 10705333 
-1 700 188 6 10642667 
-1 700 189 6 10642667 
-1 700 190 6 10642667 
-1 700 191 6 10642000 
-1 700 192 6 10662000 
-1 700 193 6 10660667 
-1 700 194 6 10660000 
-1 700 195 6 10660000 
-1 700 196 6 10660000 
-1 700 197 6 10658667 
-1 700 198 6 10658667 
-1 700 199 6 10652667 
-1 700 200 6 10652667 
-1 700 201 6 10649333 
-1 700 202 6 10646000 
-1 700 203 6 10644000 
-1 700 204 6 10640000 
-1 700 205 6 10679333 
-1 700 206 6 10679333 
-1 700 207 6 10663333 
-1 700 208 6 10662667 
-1 700 209 6 10662000 
-1 700 210 6 10661333 
-1 700 211 6 10661333 
-1 700 212 6 10660667 
-1 700 213 6 10660667 
-1 700 214 6 10652667 
-1 700 215 6 10652667 
-1 700 216 6 10602000 
-1 700 217 6 10602000 
-1 700 218 6 10600000 
-1 700 219 6 10600000 
-1 700 220 6 10600000 
-1 700 221 6 10596000 
-1 700 222 6 10517333 
-1 700 223 6 10565333 
-1 700 224 6 10630667 
-1 700 225 6 10630667 
-1 700 226 6 10627333 
-1 700 227 6 10626667 
-1 700 228 6 10616000 
-1 700 229 6 10690000 
-1 700 230 6 10689333 
-1 700 231 6 10680000 
-1 700 232 6 10678000 
-1 700 233 6 10677333 
-1 700 234 6 10666000 
-1 700 235 6 10665333 
-1 700 236 6 10665333 
-1 700 237 6 10665333 
-1 700 238 6 10665333 
-1 700 239 6 10664000 
-1 700 240 6 10682000 
-1 700 241 6 10682000 
-1 700 242 6 10682000 
-1 700 243 6 10680000 
-1 700 244 6 10679333 
-1 700 245 6 10679333 
-1 700 246 6 10677333 
-1 700 247 6 10677333 
-1 700 248 6 10691333 
-1 700 249 6 10690667 
-1 700 250 6 10690000 
-1 700 251 6 10690000 
-1 700 252 6 10690000 
-1 700 253 6 10698667 
-1 700 254 6 10697333 
-1 700 255 6 10697333 
-1 700 256 6 10696000 
-1 700 257 6 10653333 
-1 700 258 6 10653333 
-1 700 259 6 10652000 
-1 700 260 6 10655333 
-1 700 261 6 10757333 
-1 700 262 6 10757333 
-1 700 263 6 10714667 
-1 700 264 6 10714667 
-1 700 265 6 10712667 
-1 700 266 6 10712667 
-1 700 267 6 10713333 
-1 700 268 6 10711333 
-1 700 269 6 10711333 
-1 700 270 6 10711333 
-1 700 271 6 10711333 
-1 700 272 6 10708000 
-1 700 273 6 10708000 
-1 700 274 6 10708000 
-1 700 275 6 10728667 
-1 700 276 6 10728000 
-1 700 277 6 10728000 
-1 700 278 6 10728000 
-1 700 279 6 10727333 
-1 700 280 6 10727333 
-1 700 281 6 10696667 
-1 700 282 6 10696667 
-1 700 283 6 10696667 
-1 700 284 6 10768667 
-1 700 285 6 10768667 
-1 700 286 6 10768667 
-1 700 287 6 10768667 
-1 700 288 6 10768667 
-1 700 289 6 10768667 
-1 700 290 6 10767333 
-1 700 291 6 10767333 
-1 700 292 6 10766667 
-1 700 293 6 10766000 
-1 700 294 6 10766000 
-1 700 295 6 10766000 
-1 700 296 6 10766000 
-1 700 297 6 10766000 
-1 700 298 6 10766000 
-1 700 299 6 10765333 
-1 700 300 6 10764667 
-1 700 301 6 10764667 
-1 700 302 6 10764667 
-1 700 303 6 10764667 
-1 700 304 6 10764000 
-1 700 305 6 10764000 
-1 700 306 6 10764000 
-1 700 307 6 10764000 
-1 700 308 6 10763333 
-1 700 309 6 10763333 
-1 700 310 6 10797333 
-1 700 311 6 10797333 
-1 700 312 6 10826667 
-1 700 313 6 10823333 
-1 700 314 6 10792667 
-1 700 315 6 10792667 
-1 700 316 6 10792667 
-1 700 317 6 10792667 
-1 700 318 6 10792667 
-1 700 319 6 10792667 
-1 700 320 6 10790667 
-1 700 321 6 10796000 
-1 700 322 6 10796000 
-1 700 323 6 10795333 
-1 700 324 6 10795333 
-1 700 325 6 10795333 
-1 700 326 6 10792667 
-1 700 327 6 10797333 
-1 700 328 6 10778000 
-1 700 329 6 10777333 
-1 700 330 6 10777333 
-1 700 331 6 10776000 
-1 700 332 6 10742000 
-1 700 333 6 10756000 
-1 700 334 6 10756000 
-1 700 335 6 11071333 
-1 700 336 6 11070000 
-1 700 337 6 11069333 
-1 700 338 6 11069333 
-1 700 339 6 11069333 
-1 700 340 6 11068667 
-1 700 341 6 11066667 
-1 700 342 6 11065333 
-1 700 343 6 11064667 
-1 700 344 6 11064667 
-1 700 345 6 11069333 
-1 700 346 6 11067333 
-1 700 347 6 11064000 
-1 700 348 6 11062667 
-1 700 349 6 10996000 
-1 700 350 6 10989333 
