-1 10 5 4 9268000 
-1 10 5 5 9954000 
-1 10 5 6 10358000 
-1 10 6 4 8987333 
-1 10 6 5 9930000 
-1 10 6 6 10158667 
-1 10 7 4 8974000 
-1 10 7 5 9920667 
-1 10 7 6 10224667 
-1 10 8 4 8959333 
-1 10 8 5 9905333 
-1 10 8 6 10196000 
-1 10 9 4 8900667 
-1 10 9 5 10002000 
-1 10 9 6 10201333 
-1 10 10 4 8952667 
-1 10 10 5 10049333 
-1 10 10 6 10136000 
-1 20 5 4 9260667 
-1 20 5 5 9981333 
-1 20 5 6 10379333 
-1 20 7 4 8969333 
-1 20 7 5 9954000 
-1 20 7 6 10251333 
-1 20 9 4 8898000 
-1 20 9 5 9999333 
-1 20 9 6 10198667 
-1 20 11 4 8952000 
-1 20 11 5 10038667 
-1 20 11 6 10225333 
-1 20 13 4 9258667 
-1 20 13 5 10058667 
-1 20 13 6 10054667 
-1 20 15 4 9257333 
-1 20 15 5 10212667 
-1 20 15 6 10140000 
-1 20 17 4 9349333 
-1 20 17 5 10270667 
-1 20 17 6 10278667 
-1 20 19 4 9345333 
-1 20 19 5 10336667 
-1 20 19 6 10322667 
-1 50 5 4 9260667 
-1 50 5 5 10014000 
-1 50 5 6 10406000 
-1 50 10 4 8990000 
-1 50 10 5 10079333 
-1 50 10 6 10236000 
-1 50 15 4 9257333 
-1 50 15 5 10212667 
-1 50 15 6 10148667 
-1 50 20 4 9334667 
-1 50 20 5 10314667 
-1 50 20 6 10274667 
-1 50 25 4 9820667 
-1 50 25 5 10058667 
-1 50 25 6 10057333 
-1 50 30 4 9852000 
-1 50 30 5 10043333 
-1 50 30 6 10122000 
-1 50 35 4 9712000 
-1 50 35 5 10308000 
-1 50 35 6 10296000 
-1 50 40 4 9710000 
-1 50 40 5 10360000 
-1 50 40 6 10216667 
-1 50 45 4 9698667 
-1 50 45 5 10465333 
-1 50 45 6 10085333 
-1 50 50 4 9603333 
-1 50 50 5 10466000 
-1 50 50 6 10186667 
-1 100 5 4 9260667 
-1 100 5 5 10014000 
-1 100 5 6 10406000 
-1 100 15 4 9257333 
-1 100 15 5 10192667 
-1 100 15 6 10134000 
-1 100 25 4 9820667 
-1 100 25 5 10030000 
-1 100 25 6 10114667 
-1 100 35 4 9712000 
-1 100 35 5 10308667 
-1 100 35 6 10277333 
-1 100 45 4 9698667 
-1 100 45 5 10455333 
-1 100 45 6 10094000 
-1 100 55 4 9614667 
-1 100 55 5 10432667 
-1 100 55 6 10078667 
-1 100 65 4 9708667 
-1 100 65 5 10522000 
-1 100 65 6 9983333 
-1 100 75 4 9708667 
-1 100 75 5 10599333 
-1 100 75 6 10016000 
-1 100 85 4 10268667 
-1 100 85 5 10687333 
-1 100 85 6 9878667 
-1 100 95 4 10266000 
-1 100 95 5 10876667 
-1 100 95 6 9983333 
-1 200 5 4 9260667 
-1 200 5 5 10014000 
-1 200 5 6 10404000 
-1 200 25 4 9820667 
-1 200 25 5 9980667 
-1 200 25 6 10080000 
-1 200 45 4 9698667 
-1 200 45 5 10360667 
-1 200 45 6 9962000 
-1 200 65 4 9708667 
-1 200 65 5 10446000 
-1 200 65 6 9948667 
-1 200 85 4 10268667 
-1 200 85 5 10660000 
-1 200 85 6 9896667 
-1 200 105 4 10283333 
-1 200 105 5 10888667 
-1 200 105 6 10033333 
-1 200 125 4 10286667 
-1 200 125 5 10769333 
-1 200 125 6 10359333 
-1 200 145 4 10299333 
-1 200 145 5 10742000 
-1 200 145 6 10420000 
-1 200 165 4 10299333 
-1 200 165 5 10808000 
-1 200 165 6 10507333 
-1 200 185 4 10354000 
-1 200 185 5 10890667 
-1 200 185 6 10534000 
-1 300 5 4 9260667 
-1 300 5 5 10014000 
-1 300 5 6 10404000 
-1 300 35 4 9712000 
-1 300 35 5 10201333 
-1 300 35 6 10110667 
-1 300 65 4 9708667 
-1 300 65 5 10438667 
-1 300 65 6 10012667 
-1 300 95 4 10266000 
-1 300 95 5 10867333 
-1 300 95 6 10048667 
-1 300 125 4 10250667 
-1 300 125 5 10733333 
-1 300 125 6 10400667 
-1 300 155 4 10299333 
-1 300 155 5 10763333 
-1 300 155 6 10438000 
-1 300 185 4 10354000 
-1 300 185 5 10890667 
-1 300 185 6 10534000 
-1 300 215 4 10354000 
-1 300 215 5 10950000 
-1 300 215 6 10512667 
-1 300 245 4 10350667 
-1 300 245 5 1.1e+07 
-1 300 245 6 10674000 
-1 300 275 4 10344667 
-1 300 275 5 10942000 
-1 300 275 6 10708667 
-1 500 5 4 9260667 
-1 500 5 5 10014000 
-1 500 5 6 10406000 
-1 500 55 4 9669333 
-1 500 55 5 10384000 
-1 500 55 6 9988000 
-1 500 105 4 10338000 
-1 500 105 5 10918667 
-1 500 105 6 10063333 
-1 500 155 4 10354000 
-1 500 155 5 10798000 
-1 500 155 6 10400000 
-1 500 205 4 10354000 
-1 500 205 5 10921333 
-1 500 205 6 10524667 
-1 500 255 4 10346667 
-1 500 255 5 10996000 
-1 500 255 6 10718000 
-1 500 305 4 10344667 
-1 500 305 5 10894000 
-1 500 305 6 10827333 
-1 500 355 4 10344667 
-1 500 355 5 10828000 
-1 500 355 6 10994000 
-1 500 405 4 10290667 
-1 500 405 5 10643333 
-1 500 405 6 10832000 
-1 500 455 4 10354667 
-1 500 455 5 10484000 
-1 500 455 6 10581333 
-1 1000 5 4 9261333 
-1 1000 5 5 10022000 
-1 1000 5 6 10424000 
-1 1000 105 4 10340000 
-1 1000 105 5 10970000 
-1 1000 105 6 10169333 
-1 1000 205 4 10307333 
-1 1000 205 5 10856000 
-1 1000 205 6 10490000 
-1 1000 305 4 10344667 
-1 1000 305 5 10854667 
-1 1000 305 6 10656000 
-1 1000 405 4 10290667 
-1 1000 405 5 10631333 
-1 1000 405 6 10790000 
-1 1000 505 4 10378000 
-1 1000 505 5 10557333 
-1 1000 505 6 10592000 
-1 1000 605 4 10308667 
-1 1000 605 5 10301333 
-1 1000 605 6 10332667 
-1 1000 705 4 10322000 
-1 1000 705 5 10547333 
-1 1000 705 6 10297333 
-1 1000 805 4 10322667 
-1 1000 805 5 10662667 
-1 1000 805 6 10433333 
-1 1000 905 4 10283333 
-1 1000 905 5 10270000 
-1 1000 905 6 10090667 
-1 2000 5 4 9261333 
-1 2000 5 5 10122000 
-1 2000 5 6 10398000 
-1 2000 205 4 10332667 
-1 2000 205 5 10527333 
-1 2000 205 6 9996667 
-1 2000 405 4 10252667 
-1 2000 405 5 10370000 
-1 2000 405 6 10308000 
-1 2000 605 4 10306000 
-1 2000 605 5 10366667 
-1 2000 605 6 10319333 
-1 2000 805 4 10322667 
-1 2000 805 5 10520667 
-1 2000 805 6 10520667 
-1 2000 1005 4 10015333 
-1 2000 1005 5 9859333 
-1 2000 1005 6 9859333 
-1 2000 1205 4 9985333 
-1 2000 1205 5 10063333 
-1 2000 1205 6 10063333 
-1 2000 1405 4 9647333 
-1 2000 1405 5 9735333 
-1 2000 1405 6 9735333 
-1 2000 1605 4 9424667 
-1 2000 1605 5 9483333 
-1 2000 1605 6 9483333 
-1 2000 1805 4 9733333 
-1 2000 1805 5 9660000 
-1 2000 1805 6 9660000 
-1 5000 5 4 9040000 
-1 5000 5 5 9762000 
-1 5000 5 6 9801333 
-1 5000 505 4 10024667 
-1 5000 505 5 10024667 
-1 5000 505 6 10024667 
-1 5000 1005 4 9922000 
-1 5000 1005 5 9922000 
-1 5000 1005 6 9922000 
-1 5000 1505 4 9603333 
-1 5000 1505 5 9603333 
-1 5000 1505 6 9603333 
-1 5000 2005 4 9882000 
-1 5000 2005 5 9882000 
-1 5000 2005 6 9882000 
-1 5000 2505 4 9869333 
-1 5000 2505 5 9869333 
-1 5000 2505 6 9869333 
-1 5000 3005 4 10068000 
-1 5000 3005 5 10068000 
-1 5000 3005 6 10068000 
-1 5000 3505 4 8943333 
-1 5000 3505 5 8943333 
-1 5000 3505 6 8943333 
-1 5000 4005 4 8943333 
-1 5000 4005 5 8943333 
-1 5000 4005 6 8943333 
-1 5000 4505 4 8943333 
-1 5000 4505 5 8943333 
-1 5000 4505 6 8943333 
-1 10000 5 4 8989333 
-1 10000 5 5 8982000 
-1 10000 5 6 8973333 
-1 10000 1005 4 8960000 
-1 10000 1005 5 8960000 
-1 10000 1005 6 8960000 
-1 10000 2005 4 8944000 
-1 10000 2005 5 8944000 
-1 10000 2005 6 8944000 
-1 10000 3005 4 8943333 
-1 10000 3005 5 8943333 
-1 10000 3005 6 8943333 
-1 10000 4005 4 8943333 
-1 10000 4005 5 8943333 
-1 10000 4005 6 8943333 
-1 10000 5005 4 8943333 
-1 10000 5005 5 8943333 
-1 10000 5005 6 8943333 
-1 10000 6005 4 7796667 
-1 10000 6005 5 7796667 
-1 10000 6005 6 7796667 
-1 10000 7005 4 6604667 
-1 10000 7005 5 6604667 
-1 10000 7005 6 6604667 
-1 10000 8005 4 6604667 
-1 10000 8005 5 6604667 
-1 10000 8005 6 6604667 
-1 10000 9005 4 6604667 
-1 10000 9005 5 6604667 
-1 10000 9005 6 6604667 
