-1 850 50 6 9935333 
-1 850 51 6 9896000 
-1 850 52 6 9906000 
-1 850 53 6 9914667 
-1 850 54 6 9913333 
-1 850 55 6 9937333 
-1 850 56 6 9911333 
-1 850 57 6 9924667 
-1 850 58 6 9922000 
-1 850 59 6 9913333 
-1 850 60 6 9981333 
-1 850 61 6 9995333 
-1 850 62 6 9994667 
-1 850 63 6 9993333 
-1 850 64 6 10036000 
-1 850 65 6 10039333 
-1 850 66 6 10036000 
-1 850 67 6 9997333 
-1 850 68 6 9987333 
-1 850 69 6 9986000 
-1 850 70 6 9986000 
-1 850 71 6 9985333 
-1 850 72 6 10004667 
-1 850 73 6 10034000 
-1 850 74 6 10040000 
-1 850 75 6 10039333 
-1 850 76 6 10012667 
-1 850 77 6 10050667 
-1 850 78 6 10049333 
-1 850 79 6 10102000 
-1 850 80 6 10102000 
-1 850 81 6 10101333 
-1 850 82 6 10148000 
-1 850 83 6 10072000 
-1 850 84 6 10071333 
-1 850 85 6 10071333 
-1 850 86 6 10069333 
-1 850 87 6 10068667 
-1 850 88 6 10096000 
-1 850 89 6 10208667 
-1 850 90 6 10208000 
-1 850 91 6 10208000 
-1 850 92 6 10208000 
-1 850 93 6 10207333 
-1 850 94 6 10204667 
-1 850 95 6 10202667 
-1 850 96 6 10201333 
-1 850 97 6 10215333 
-1 850 98 6 10258000 
-1 850 99 6 10254667 
-1 850 100 6 10285333 
-1 850 101 6 10284000 
-1 850 102 6 10272000 
-1 850 103 6 10271333 
-1 850 104 6 10272667 
-1 850 105 6 10272000 
-1 850 106 6 10270000 
-1 850 107 6 10268000 
-1 850 108 6 10308667 
-1 850 109 6 10449333 
-1 850 110 6 10607333 
-1 850 111 6 10606667 
-1 850 112 6 10605333 
-1 850 113 6 10636667 
-1 850 114 6 10662667 
-1 850 115 6 10662667 
-1 850 116 6 10662000 
-1 850 117 6 10662000 
-1 850 118 6 10622667 
-1 850 119 6 10458000 
-1 850 120 6 10492667 
-1 850 121 6 10492667 
-1 850 122 6 10492000 
-1 850 123 6 10491333 
-1 850 124 6 10490667 
-1 850 125 6 10490667 
-1 850 126 6 10489333 
-1 850 127 6 10488667 
-1 850 128 6 10488000 
-1 850 129 6 10487333 
-1 850 130 6 10486000 
-1 850 131 6 10485333 
-1 850 132 6 10485333 
-1 850 133 6 10485333 
-1 850 134 6 10485333 
-1 850 135 6 10485333 
-1 850 136 6 10484667 
-1 850 137 6 10484000 
-1 850 138 6 10484000 
-1 850 139 6 10484000 
-1 850 140 6 10484000 
-1 850 141 6 10483333 
-1 850 142 6 10508000 
-1 850 143 6 10508000 
-1 850 144 6 10507333 
-1 850 145 6 10507333 
-1 850 146 6 10511333 
-1 850 147 6 10511333 
-1 850 148 6 10494000 
-1 850 149 6 10493333 
-1 850 150 6 10492667 
-1 850 151 6 10491333 
-1 850 152 6 10491333 
-1 850 153 6 10491333 
-1 850 154 6 10491333 
-1 850 155 6 10511333 
-1 850 156 6 10510000 
-1 850 157 6 10509333 
-1 850 158 6 10509333 
-1 850 159 6 10509333 
-1 850 160 6 10513333 
-1 850 161 6 10512667 
-1 850 162 6 10512000 
-1 850 163 6 10512000 
-1 850 164 6 10512667 
-1 850 165 6 10512000 
-1 850 166 6 10510667 
-1 850 167 6 10509333 
-1 850 168 6 10505333 
-1 850 169 6 10504667 
-1 850 170 6 10504667 
-1 850 171 6 10556000 
-1 850 172 6 10556000 
-1 850 173 6 10552667 
-1 850 174 6 10552667 
-1 850 175 6 10550667 
-1 850 176 6 10550667 
-1 850 177 6 10541333 
-1 850 178 6 10539333 
-1 850 179 6 10504667 
-1 850 180 6 10583333 
-1 850 181 6 10582667 
-1 850 182 6 10582667 
-1 850 183 6 10618000 
-1 850 184 6 10618000 
-1 850 185 6 10618000 
-1 850 186 6 10617333 
-1 850 187 6 10644667 
-1 850 188 6 10582000 
-1 850 189 6 10582000 
-1 850 190 6 10582000 
-1 850 191 6 10581333 
-1 850 192 6 10601333 
-1 850 193 6 10600000 
-1 850 194 6 10599333 
-1 850 195 6 10599333 
-1 850 196 6 10599333 
-1 850 197 6 10598000 
-1 850 198 6 10598000 
-1 850 199 6 10592000 
-1 850 200 6 10592000 
-1 850 201 6 10588667 
-1 850 202 6 10585333 
-1 850 203 6 10583333 
-1 850 204 6 10579333 
-1 850 205 6 10618667 
-1 850 206 6 10618667 
-1 850 207 6 10602667 
-1 850 208 6 10602000 
-1 850 209 6 10601333 
-1 850 210 6 10600667 
-1 850 211 6 10600667 
-1 850 212 6 10600000 
-1 850 213 6 10600000 
-1 850 214 6 10592000 
-1 850 215 6 10592000 
-1 850 216 6 10541333 
-1 850 217 6 10541333 
-1 850 218 6 10539333 
-1 850 219 6 10539333 
-1 850 220 6 10539333 
-1 850 221 6 10535333 
-1 850 222 6 10456667 
-1 850 223 6 10504667 
-1 850 224 6 10570000 
-1 850 225 6 10570000 
-1 850 226 6 10566667 
-1 850 227 6 10566000 
-1 850 228 6 10564000 
-1 850 229 6 10638000 
-1 850 230 6 10637333 
-1 850 231 6 10628000 
-1 850 232 6 10626000 
-1 850 233 6 10625333 
-1 850 234 6 10615333 
-1 850 235 6 10614667 
-1 850 236 6 10614667 
-1 850 237 6 10614667 
-1 850 238 6 10614667 
-1 850 239 6 10613333 
-1 850 240 6 10631333 
-1 850 241 6 10631333 
-1 850 242 6 10631333 
-1 850 243 6 10630667 
-1 850 244 6 10630667 
-1 850 245 6 10630667 
-1 850 246 6 10628667 
-1 850 247 6 10628667 
-1 850 248 6 10643333 
-1 850 249 6 10642667 
-1 850 250 6 10642667 
-1 850 251 6 10642667 
-1 850 252 6 10642667 
-1 850 253 6 10642667 
-1 850 254 6 10642667 
-1 850 255 6 10642667 
-1 850 256 6 10641333 
-1 850 257 6 10638000 
-1 850 258 6 10638000 
-1 850 259 6 10636667 
-1 850 260 6 10640000 
-1 850 261 6 10742000 
-1 850 262 6 10742000 
-1 850 263 6 10699333 
-1 850 264 6 10699333 
-1 850 265 6 10697333 
-1 850 266 6 10697333 
-1 850 267 6 10698000 
-1 850 268 6 10696000 
-1 850 269 6 10696000 
-1 850 270 6 10696000 
-1 850 271 6 10696000 
-1 850 272 6 10692667 
-1 850 273 6 10692667 
-1 850 274 6 10692667 
-1 850 275 6 10713333 
-1 850 276 6 10712667 
-1 850 277 6 10712667 
-1 850 278 6 10712667 
-1 850 279 6 10712000 
-1 850 280 6 10712000 
-1 850 281 6 10681333 
-1 850 282 6 10681333 
-1 850 283 6 10681333 
-1 850 284 6 10753333 
-1 850 285 6 10753333 
-1 850 286 6 10753333 
-1 850 287 6 10753333 
-1 850 288 6 10753333 
-1 850 289 6 10753333 
-1 850 290 6 10753333 
-1 850 291 6 10753333 
-1 850 292 6 10753333 
-1 850 293 6 10753333 
-1 850 294 6 10753333 
-1 850 295 6 10753333 
-1 850 296 6 10753333 
-1 850 297 6 10753333 
-1 850 298 6 10753333 
-1 850 299 6 10753333 
-1 850 300 6 10753333 
-1 850 301 6 10753333 
-1 850 302 6 10753333 
-1 850 303 6 10753333 
-1 850 304 6 10753333 
-1 850 305 6 10753333 
-1 850 306 6 10753333 
-1 850 307 6 10753333 
-1 850 308 6 10753333 
-1 850 309 6 10753333 
-1 850 310 6 10787333 
-1 850 311 6 10787333 
-1 850 312 6 10817333 
-1 850 313 6 10824000 
-1 850 314 6 10793333 
-1 850 315 6 10793333 
-1 850 316 6 10793333 
-1 850 317 6 10793333 
-1 850 318 6 10793333 
-1 850 319 6 10793333 
-1 850 320 6 10791333 
-1 850 321 6 10796667 
-1 850 322 6 10796667 
-1 850 323 6 10796000 
-1 850 324 6 10796000 
-1 850 325 6 10796000 
-1 850 326 6 10793333 
-1 850 327 6 10798000 
-1 850 328 6 10797333 
-1 850 329 6 10796667 
-1 850 330 6 10796667 
-1 850 331 6 10795333 
-1 850 332 6 10761333 
-1 850 333 6 10775333 
-1 850 334 6 10775333 
-1 850 335 6 11090667 
-1 850 336 6 11089333 
-1 850 337 6 11088667 
-1 850 338 6 11088667 
-1 850 339 6 11088667 
-1 850 340 6 11088000 
-1 850 341 6 11086000 
-1 850 342 6 11084667 
-1 850 343 6 11084000 
-1 850 344 6 11084000 
-1 850 345 6 11088667 
-1 850 346 6 11086667 
-1 850 347 6 11084667 
-1 850 348 6 11083333 
-1 850 349 6 11081333 
-1 850 350 6 11075333 
-1 850 351 6 11074667 
-1 850 352 6 11074000 
-1 850 353 6 11073333 
-1 850 354 6 11072000 
-1 850 355 6 11070000 
-1 850 356 6 11070000 
-1 850 357 6 11070000 
-1 850 358 6 11069333 
-1 850 359 6 11010667 
-1 850 360 6 10894667 
-1 850 361 6 10894667 
-1 850 362 6 10894000 
-1 850 363 6 10894000 
-1 850 364 6 11018667 
-1 850 365 6 11018000 
-1 850 366 6 11018000 
-1 850 367 6 10912000 
-1 850 368 6 10912000 
-1 850 369 6 10914667 
-1 850 370 6 10914667 
-1 850 371 6 10914667 
-1 850 372 6 10978667 
-1 850 373 6 10978000 
-1 850 374 6 10977333 
-1 850 375 6 10988000 
-1 850 376 6 10985333 
-1 850 377 6 10984667 
-1 850 378 6 10984000 
-1 850 379 6 10974000 
-1 850 380 6 10973333 
-1 850 381 6 10973333 
-1 850 382 6 10972667 
-1 850 383 6 11011333 
-1 850 384 6 10904000 
-1 850 385 6 10904000 
-1 850 386 6 10903333 
-1 850 387 6 10903333 
-1 850 388 6 10902667 
-1 850 389 6 10901333 
-1 850 390 6 10900667 
-1 850 391 6 10900000 
-1 850 392 6 10896667 
-1 850 393 6 10896000 
-1 850 394 6 10877333 
-1 850 395 6 10913333 
-1 850 396 6 10912667 
-1 850 397 6 10912667 
-1 850 398 6 10908667 
-1 850 399 6 10908000 
-1 850 400 6 10907333 
-1 850 401 6 10906000 
-1 850 402 6 10905333 
-1 850 403 6 10920000 
-1 850 404 6 10908667 
-1 850 405 6 10908667 
-1 850 406 6 10908667 
-1 850 407 6 10878000 
-1 850 408 6 10878000 
-1 850 409 6 10878000 
-1 850 410 6 10870000 
-1 850 411 6 10864000 
-1 850 412 6 10876000 
-1 850 413 6 10876000 
-1 850 414 6 10876000 
-1 850 415 6 10876000 
-1 850 416 6 10847333 
-1 850 417 6 10847333 
-1 850 418 6 10847333 
-1 850 419 6 10847333 
-1 850 420 6 10847333 
-1 850 421 6 10847333 
-1 850 422 6 10847333 
-1 850 423 6 10847333 
-1 850 424 6 10798667 
-1 850 425 6 10798000 
