-1 10 5 4 9268000 
-1 10 5 5 9954000 
-1 10 5 6 10358000 
-1 20 5 4 9260667 
-1 20 5 5 9981333 
-1 20 5 6 10379333 
-1 20 6 4 8980667 
-1 20 6 5 9959333 
-1 20 6 6 10180000 
-1 20 7 4 8969333 
-1 20 7 5 9954000 
-1 20 7 6 10251333 
-1 20 8 4 8955333 
-1 20 8 5 9901333 
-1 20 8 6 10188000 
-1 20 9 4 8898000 
-1 20 9 5 9999333 
-1 20 9 6 10198667 
-1 20 10 4 8952667 
-1 20 10 5 10049333 
-1 20 10 6 10136000 
-1 50 5 4 9260667 
-1 50 5 5 10014000 
-1 50 5 6 10406000 
-1 50 7 4 8969333 
-1 50 7 5 9982667 
-1 50 7 6 10268667 
-1 50 9 4 8935333 
-1 50 9 5 10028667 
-1 50 9 6 10258000 
-1 50 11 4 8989333 
-1 50 11 5 10067333 
-1 50 11 6 10261333 
-1 50 13 4 9258667 
-1 50 13 5 10058667 
-1 50 13 6 10024667 
-1 50 15 4 9257333 
-1 50 15 5 10212667 
-1 50 15 6 10148667 
-1 50 17 4 9349333 
-1 50 17 5 10270667 
-1 50 17 6 10258000 
-1 50 19 4 9345333 
-1 50 19 5 10336667 
-1 50 19 6 10312000 
-1 50 21 4 9330000 
-1 50 21 5 10316667 
-1 50 21 6 10245333 
-1 50 23 4 9323333 
-1 50 23 5 10157333 
-1 50 23 6 10044000 
-1 50 25 4 9820667 
-1 50 25 5 10058667 
-1 50 25 6 10057333 
-1 100 5 4 9260667 
-1 100 5 5 10014000 
-1 100 5 6 10406000 
-1 100 10 4 8990000 
-1 100 10 5 10079333 
-1 100 10 6 10221333 
-1 100 15 4 9257333 
-1 100 15 5 10192667 
-1 100 15 6 10134000 
-1 100 20 4 9334667 
-1 100 20 5 10282000 
-1 100 20 6 10331333 
-1 100 25 4 9820667 
-1 100 25 5 10030000 
-1 100 25 6 10114667 
-1 100 30 4 9852000 
-1 100 30 5 10032000 
-1 100 30 6 10224667 
-1 100 35 4 9712000 
-1 100 35 5 10308667 
-1 100 35 6 10277333 
-1 100 40 4 9710000 
-1 100 40 5 10360667 
-1 100 40 6 10232667 
-1 100 45 4 9698667 
-1 100 45 5 10455333 
-1 100 45 6 10094000 
-1 100 50 4 9603333 
-1 100 50 5 10466000 
-1 100 50 6 10186667 
-1 200 5 4 9260667 
-1 200 5 5 10014000 
-1 200 5 6 10404000 
-1 200 15 4 9257333 
-1 200 15 5 10268000 
-1 200 15 6 10220667 
-1 200 25 4 9820667 
-1 200 25 5 9980667 
-1 200 25 6 10080000 
-1 200 35 4 9712000 
-1 200 35 5 10237333 
-1 200 35 6 10190000 
-1 200 45 4 9698667 
-1 200 45 5 10360667 
-1 200 45 6 9962000 
-1 200 55 4 9614667 
-1 200 55 5 10346667 
-1 200 55 6 9907333 
-1 200 65 4 9708667 
-1 200 65 5 10446000 
-1 200 65 6 9948667 
-1 200 75 4 9708667 
-1 200 75 5 10572000 
-1 200 75 6 10013333 
-1 200 85 4 10268667 
-1 200 85 5 10660000 
-1 200 85 6 9896667 
-1 200 95 4 10266000 
-1 200 95 5 10850000 
-1 200 95 6 9956667 
-1 300 5 4 9260667 
-1 300 5 5 10014000 
-1 300 5 6 10404000 
-1 300 20 4 9334667 
-1 300 20 5 10293333 
-1 300 20 6 10343333 
-1 300 35 4 9712000 
-1 300 35 5 10201333 
-1 300 35 6 10110667 
-1 300 50 4 9603333 
-1 300 50 5 10339333 
-1 300 50 6 9960667 
-1 300 65 4 9708667 
-1 300 65 5 10438667 
-1 300 65 6 10012667 
-1 300 80 4 9708000 
-1 300 80 5 10543333 
-1 300 80 6 10046667 
-1 300 95 4 10266000 
-1 300 95 5 10867333 
-1 300 95 6 10048667 
-1 300 110 4 10304000 
-1 300 110 5 10835333 
-1 300 110 6 10490667 
-1 300 125 4 10250667 
-1 300 125 5 10733333 
-1 300 125 6 10400667 
-1 300 140 4 10299333 
-1 300 140 5 10748000 
-1 300 140 6 10406667 
-1 500 5 4 9260667 
-1 500 5 5 10014000 
-1 500 5 6 10406000 
-1 500 30 4 9852000 
-1 500 30 5 9970667 
-1 500 30 6 10126667 
-1 500 55 4 9669333 
-1 500 55 5 10384000 
-1 500 55 6 9988000 
-1 500 80 4 9762667 
-1 500 80 5 10580667 
-1 500 80 6 10045333 
-1 500 105 4 10338000 
-1 500 105 5 10918667 
-1 500 105 6 10063333 
-1 500 130 4 10305333 
-1 500 130 5 10803333 
-1 500 130 6 10388667 
-1 500 155 4 10354000 
-1 500 155 5 10798000 
-1 500 155 6 10400000 
-1 500 180 4 10354000 
-1 500 180 5 10874000 
-1 500 180 6 10486000 
-1 500 205 4 10354000 
-1 500 205 5 10921333 
-1 500 205 6 10524667 
-1 500 230 4 10354000 
-1 500 230 5 10943333 
-1 500 230 6 10554000 
-1 1000 5 4 9261333 
-1 1000 5 5 10022000 
-1 1000 5 6 10424000 
-1 1000 55 4 9650000 
-1 1000 55 5 10405333 
-1 1000 55 6 9908667 
-1 1000 105 4 10340000 
-1 1000 105 5 10970000 
-1 1000 105 6 10169333 
-1 1000 155 4 10307333 
-1 1000 155 5 10772000 
-1 1000 155 6 10382667 
-1 1000 205 4 10307333 
-1 1000 205 5 10856000 
-1 1000 205 6 10490000 
-1 1000 255 4 10307333 
-1 1000 255 5 10882000 
-1 1000 255 6 10520667 
-1 1000 305 4 10344667 
-1 1000 305 5 10854667 
-1 1000 305 6 10656000 
-1 1000 355 4 10344667 
-1 1000 355 5 10839333 
-1 1000 355 6 10971333 
-1 1000 405 4 10290667 
-1 1000 405 5 10631333 
-1 1000 405 6 10790000 
-1 1000 455 4 10354667 
-1 1000 455 5 10570000 
-1 1000 455 6 10608667 
-1 2000 5 4 9261333 
-1 2000 5 5 10122000 
-1 2000 5 6 10398000 
-1 2000 105 4 10360667 
-1 2000 105 5 10603333 
-1 2000 105 6 9707333 
-1 2000 205 4 10332667 
-1 2000 205 5 10527333 
-1 2000 205 6 9996667 
-1 2000 305 4 10370000 
-1 2000 305 5 10526667 
-1 2000 305 6 10267333 
-1 2000 405 4 10252667 
-1 2000 405 5 10370000 
-1 2000 405 6 10308000 
-1 2000 505 4 10337333 
-1 2000 505 5 10450667 
-1 2000 505 6 10388667 
-1 2000 605 4 10306000 
-1 2000 605 5 10366667 
-1 2000 605 6 10319333 
-1 2000 705 4 10306000 
-1 2000 705 5 10366667 
-1 2000 705 6 10319333 
-1 2000 805 4 10322667 
-1 2000 805 5 10520667 
-1 2000 805 6 10520667 
-1 2000 905 4 10283333 
-1 2000 905 5 10270000 
-1 2000 905 6 10270000 
-1 5000 5 4 9040000 
-1 5000 5 5 9762000 
-1 5000 5 6 9801333 
-1 5000 255 4 10020000 
-1 5000 255 5 10020000 
-1 5000 255 6 10020000 
-1 5000 505 4 10024667 
-1 5000 505 5 10024667 
-1 5000 505 6 10024667 
-1 5000 755 4 9993333 
-1 5000 755 5 9993333 
-1 5000 755 6 9993333 
-1 5000 1005 4 9922000 
-1 5000 1005 5 9922000 
-1 5000 1005 6 9922000 
-1 5000 1255 4 9840000 
-1 5000 1255 5 9840000 
-1 5000 1255 6 9840000 
-1 5000 1505 4 9603333 
-1 5000 1505 5 9603333 
-1 5000 1505 6 9603333 
-1 5000 1755 4 9746667 
-1 5000 1755 5 9746667 
-1 5000 1755 6 9746667 
-1 5000 2005 4 9882000 
-1 5000 2005 5 9882000 
-1 5000 2005 6 9882000 
-1 5000 2255 4 9858000 
-1 5000 2255 5 9858000 
-1 5000 2255 6 9858000 
-1 10000 5 4 8989333 
-1 10000 5 5 8982000 
-1 10000 5 6 8973333 
-1 10000 505 4 8960000 
-1 10000 505 5 8960000 
-1 10000 505 6 8960000 
-1 10000 1005 4 8960000 
-1 10000 1005 5 8960000 
-1 10000 1005 6 8960000 
-1 10000 1505 4 8960000 
-1 10000 1505 5 8960000 
-1 10000 1505 6 8960000 
-1 10000 2005 4 8944000 
-1 10000 2005 5 8944000 
-1 10000 2005 6 8944000 
-1 10000 2505 4 8900000 
-1 10000 2505 5 8900000 
-1 10000 2505 6 8900000 
-1 10000 3005 4 8943333 
-1 10000 3005 5 8943333 
-1 10000 3005 6 8943333 
-1 10000 3505 4 8943333 
-1 10000 3505 5 8943333 
-1 10000 3505 6 8943333 
-1 10000 4005 4 8943333 
-1 10000 4005 5 8943333 
-1 10000 4005 6 8943333 
-1 10000 4505 4 8943333 
-1 10000 4505 5 8943333 
-1 10000 4505 6 8943333 
-1 15000 5 4 6596667 
-1 15000 5 5 6589333 
-1 15000 5 6 6580667 
-1 15000 755 4 6604667 
-1 15000 755 5 6604667 
-1 15000 755 6 6604667 
-1 15000 1505 4 6604667 
-1 15000 1505 5 6604667 
-1 15000 1505 6 6604667 
-1 15000 2255 4 6604667 
-1 15000 2255 5 6604667 
-1 15000 2255 6 6604667 
-1 15000 3005 4 6604667 
-1 15000 3005 5 6604667 
-1 15000 3005 6 6604667 
-1 15000 3755 4 6604667 
-1 15000 3755 5 6604667 
-1 15000 3755 6 6604667 
-1 15000 4505 4 6604667 
-1 15000 4505 5 6604667 
-1 15000 4505 6 6604667 
-1 15000 5255 4 6604667 
-1 15000 5255 5 6604667 
-1 15000 5255 6 6604667 
-1 15000 6005 4 6604667 
-1 15000 6005 5 6604667 
-1 15000 6005 6 6604667 
-1 15000 6755 4 6604667 
-1 15000 6755 5 6604667 
-1 15000 6755 6 6604667 
-1 20000 5 4 6596667 
-1 20000 5 5 6589333 
-1 20000 5 6 6580667 
-1 20000 1005 4 6604667 
-1 20000 1005 5 6604667 
-1 20000 1005 6 6604667 
-1 20000 2005 4 6604667 
-1 20000 2005 5 6604667 
-1 20000 2005 6 6604667 
-1 20000 3005 4 6604667 
-1 20000 3005 5 6604667 
-1 20000 3005 6 6604667 
-1 20000 4005 4 6604667 
-1 20000 4005 5 6604667 
-1 20000 4005 6 6604667 
-1 20000 5005 4 6604667 
-1 20000 5005 5 6604667 
-1 20000 5005 6 6604667 
-1 20000 6005 4 6604667 
-1 20000 6005 5 6604667 
-1 20000 6005 6 6604667 
-1 20000 7005 4 6604667 
-1 20000 7005 5 6604667 
-1 20000 7005 6 6604667 
-1 20000 8005 4 6604667 
-1 20000 8005 5 6604667 
-1 20000 8005 6 6604667 
-1 20000 9005 4 6604667 
-1 20000 9005 5 6604667 
-1 20000 9005 6 6604667 
