fecha	gamma	alpha	lambda	subsample	tree_method	grow_policy	max_bin	max_depth	scale_pos_weight	eta	colsample_bytree	min_child_weight	max_leaves	prob_corte	nrounds	ganancia	iteracion
20220606 175644	0	0	0	1	hist	lossguide	256	0	1	0.0914559316056548	0.543284895773977	9	581	0.0267013037785849	44	10814000	1
20220606 175710	0	0	0	1	hist	lossguide	256	0	1	0.245398665038636	0.427798349643126	7	888	0.0345847300666113	6	8430000	2
20220606 175745	0	0	0	1	hist	lossguide	256	0	1	0.198141822063946	0.702153436299414	6	792	0.0223663865326671	10	10198000	3
20220606 175851	0	0	0	1	hist	lossguide	256	0	1	0.0475617531398311	0.940296727847308	5	220	0.014190691060018	28	12758000	4
20220606 175920	0	0	0	1	hist	lossguide	256	0	1	0.177447289374773	0.591530721494928	8	62	0.0248836226509108	14	9874000	5
20220606 180012	0	0	0	1	hist	lossguide	256	0	1	0.104966936126351	0.743066971097142	1	465	0.0368262445006015	9	5477000	6
20220606 180105	0	0	0	1	hist	lossguide	256	0	1	0.0699607372890459	0.638132106689736	6	401	0.0167554480712473	44	12347000	7
20220606 180131	0	0	0	1	hist	lossguide	256	0	1	0.219519280038308	0.508112671943381	10	625	0.0423694511681485	15	8176000	8
20220606 195241	0	0	0	1	hist	lossguide	256	0	1	0.237162231787923	0.731160674924031	10	154	0.0396723242112785	14	7949000	9
20220606 195315	0	0	0	1	hist	lossguide	256	0	1	0.206163358749356	0.506790177328512	2	653	0.0170580483119314	2	8237000	10
20220606 195413	0	0	0	1	hist	lossguide	256	0	1	0.0957725659069838	0.596429547090083	2	787	0.0208155946878833	19	9338000	11
20220606 195505	0	0	0	1	hist	lossguide	256	0	1	0.0767567699929932	0.886655072355643	5	604	0.0320321607917625	34	9290000	12
20220606 195530	0	0	0	1	hist	lossguide	256	0	1	0.297072711177752	0.627459253184497	9	212	0.0422912932558878	10	7478000	13
20220606 195638	0	0	0	1	hist	lossguide	256	0	1	0.067769384842366	0.921173905832693	1	465	0.0213531616333057	14	7533000	14
20220606 195810	0	0	0	1	hist	lossguide	256	0	1	0.035555628537084	0.668098619719967	5	740	0.0475337700462357	96	7122000	15
20220606 195840	0	0	0	1	hist	lossguide	256	0	1	0.150550035623717	0.457538647335023	7	431	0.0138653167557398	13	12203000	16
20220606 195909	0	0	0	1	hist	lossguide	256	0	1	0.266134160576854	0.859006072459742	4	361	0.0359651113438304	7	7904000	17
20220606 195933	0	0	0	1	hist	lossguide	256	0	1	0.273394868572475	0.380316276848316	7	520	0.0307284790615086	5	9138000	18
20220606 200004	0	0	0	1	hist	lossguide	256	0	1	0.214366133952164	0.712728441748768	3	911	0.0148134801046884	7	10170000	19
20220606 200046	0	0	0	1	hist	lossguide	256	0	1	0.116790188992862	0.222663796525449	4	272	0.0494462342370146	28	6042000	20
20220606 200119	0	0	0	1	hist	lossguide	256	0	1	0.12894868103601	0.303220726372674	6	1014	0.00891307130999242	11	11346000	21
20220606 200142	0	0	0	1	hist	lossguide	256	0	1	0.10933140115696	0.7634479587432	1	5	0.0453273577581664	44	8291000	22
20220606 200247	0	0	0	1	hist	lossguide	256	0	1	0.0454156318851747	0.435393881211057	8	846	0.0344540517112667	70	9351000	23
20220606 200310	0	0	0	1	hist	lossguide	256	0	1	0.246420170271886	0.541895545730367	0	341	0.0233222711491787	1	1211000	24
20220606 201123	0	0	0	1	hist	lossguide	256	0	1	0.0214891233382514	0.333922108896077	0	671	0.0276251185782409	180	466000	25
20220606 201157	0	0	0	1	hist	lossguide	256	0	1	0.171007293857168	0.98038220660761	9	188	0.011645652493462	30	11986000	26
20220606 201227	0	0	0	1	hist	lossguide	256	0	1	0.167980699872482	0.251637026024982	10	85	0.0255476129120022	20	11487000	27
20220606 201258	0	0	0	1	hist	lossguide	256	0	1	0.187814639587654	0.824958598595113	6	938	0.0383557065482213	11	7865000	28
20220606 201342	0	0	0	1	hist	lossguide	256	0	1	0.0881048091097287	0.223082153689323	9	235	0.00834682793637432	21	11428000	29
20220606 201431	0	0	0	1	hist	lossguide	256	0	1	0.0614946553532954	0.999530212117458	7	571	0.00851108016510578	15	11919000	30
20220606 201509	0	0	0	1	hist	lossguide	256	0	1	0.121983560422562	0.682862892045558	8	2	0.0151218127697885	201	13021000	31
20220606 201629	0	0	0	1	hist	lossguide	256	0	1	0.037444178558249	0.748402733756008	6	2	0.0117724974964388	494	12181000	32
20220606 201915	0	0	0	1	hist	lossguide	256	0	1	0.0102375765845899	0.827866609851597	8	7	0.0181225434240908	489	13210000	33
20220606 202308	0	0	0	1	hist	lossguide	256	0	1	0.0109693015751565	0.624184045821031	9	2	0.0185690151212323	1553	12939000	34
20220606 202723	0	0	0	1	hist	lossguide	256	0	1	0.0102581862548697	0.640432965030906	8	177	0.0163723195110379	374	13203000	35
20220606 203028	0	0	0	1	hist	lossguide	256	0	1	0.0100417645637914	0.468397651795276	8	3	0.0184298065011955	903	13125000	36
20220606 203351	0	0	0	1	hist	lossguide	256	0	1	0.0104307508675137	0.722043916870003	7	103	0.0178058415172084	159	12692000	37
20220606 203449	0	0	0	1	hist	lossguide	256	0	1	0.0632241922483176	0.68833609039018	8	139	0.0191671001088228	46	12262000	38
20220606 204143	0	0	0	1	hist	lossguide	256	0	1	0.0102795643287978	0.75968024316377	8	2	0.0136288265389889	3253	12957000	39
20220606 204501	0	0	0	1	hist	lossguide	256	0	1	0.0103428425223192	0.236527605265926	8	3	0.016127736766451	1003	13093000	40
20220606 204924	0	0	0	1	hist	lossguide	256	0	1	0.0101854558805093	0.976138413531047	5	695	0.0163090483699554	223	12287000	41
20220606 205252	0	0	0	1	hist	lossguide	256	0	1	0.0100734890676503	0.477182262313257	9	937	0.0158281995129408	231	13062000	42
20220606 205644	0	0	0	1	hist	lossguide	256	0	1	0.0101465910344083	0.4039193692445	10	583	0.0161085662109172	356	13364000	43
20220606 210008	0	0	0	1	hist	lossguide	256	0	1	0.0128746186491622	0.545077665440783	8	636	0.0160516199862075	277	13322000	44
20220606 210033	0	0	0	1	hist	lossguide	256	0	1	0.298801297292975	0.346723547898998	10	696	0.0159211509266356	14	11647000	45
20220606 210414	0	0	0	1	hist	lossguide	256	0	1	0.0100408056800605	0.897622613820336	10	657	0.0159519026136277	268	13267000	46
20220606 210547	0	0	0	1	hist	lossguide	256	0	1	0.0356016878849136	0.92666034288779	10	2	0.0162424013172299	601	13195000	47
20220606 210921	0	0	0	1	hist	lossguide	256	0	1	0.0103399318088946	0.48207042349923	9	550	0.0160374333905454	275	13192000	48
20220606 211238	0	0	0	1	hist	lossguide	256	0	1	0.0104322482497322	0.506663196122967	10	685	0.0170483336208011	241	13267000	49
20220606 211625	0	0	0	1	hist	lossguide	256	0	1	0.0103744148782272	0.987014952232387	8	899	0.0162637278379138	258	12518000	50
20220606 211944	0	0	0	1	hist	lossguide	256	0	1	0.010092068705435	0.541736453178651	10	702	0.0148943244172637	238	13732000	51
20220606 212242	0	0	0	1	hist	lossguide	256	0	1	0.0100174441399413	0.56662278323105	10	825	0.0112075595727442	93	13037000	52
20220606 212319	0	0	0	1	hist	lossguide	256	0	1	0.0968214370766673	0.480722848434128	10	765	0.0144290017451861	21	12664000	53
20220606 212405	0	0	0	1	hist	lossguide	256	0	1	0.298653035858471	0.908376143768443	8	2	0.0156148434118502	299	13075000	54
20220606 212428	0	0	0	1	hist	lossguide	256	0	1	0.299650116761504	0.607750008455711	7	5	0.00834265009749949	48	11646000	55
20220606 212803	0	0	0	1	hist	lossguide	256	0	1	0.0102923365115855	0.478133548485917	10	5	0.0151301847900962	934	13871000	56
20220606 213150	0	0	0	1	hist	lossguide	256	0	1	0.0105167861470871	0.812270500368517	3	662	0.0083362050279831	52	12322000	57
20220606 213223	0	0	0	1	hist	lossguide	256	0	1	0.288100940626469	0.472495729703057	10	2	0.0152809759026119	134	13371000	58
20220606 213720	0	0	0	1	hist	lossguide	256	0	1	0.0101256967849145	0.997599466727855	4	2	0.0165992073483479	2060	13123000	59
20220606 214050	0	0	0	1	hist	lossguide	256	0	1	0.0101188731110655	0.556973635044387	10	354	0.0149491894398905	279	13524000	60
20220606 214344	0	0	0	1	hist	lossguide	256	0	1	0.0106402852084918	0.4723950369619	4	4	0.0151531701458837	812	13450000	61
20220606 214520	0	0	0	1	hist	lossguide	256	0	1	0.0106806433906294	0.349343422125102	4	4	0.00834883707516328	120	12086000	62
20220606 214932	0	0	0	1	hist	lossguide	256	0	1	0.0100167727594143	0.507243472256036	4	799	0.0140221326400713	228	12959000	63
20220606 215412	0	0	0	1	hist	lossguide	256	0	1	0.0100543368300592	0.518424788624927	5	2	0.0164122812885052	2049	13092000	64
20220606 215756	0	0	0	1	hist	lossguide	256	0	1	0.0101522965005051	0.408004604696466	10	64	0.0154541753748464	332	13462000	65
20220606 220101	0	0	0	1	hist	lossguide	256	0	1	0.0110473824309313	0.935656968168299	8	3	0.0261988340917214	963	12014000	66
20220606 220509	0	0	0	1	hist	lossguide	256	0	1	0.0100873459938621	0.757679094688795	4	296	0.0141798170132877	176	13030000	67
20220606 221114	0	0	0	1	hist	lossguide	256	0	1	0.0101466742018428	0.79356111258679	3	2	0.0148651063853607	2807	12942000	68
20220606 221420	0	0	0	1	hist	lossguide	256	0	1	0.0100425744835507	0.59824327440894	10	595	0.013759682793017	181	13695000	69
20220606 221442	0	0	0	1	hist	lossguide	256	0	1	0.299129662697605	0.860750559652685	10	2	0.0145921695564886	98	12755000	70
20220606 221949	0	0	0	1	hist	lossguide	256	0	1	0.0100695173299118	0.998118974867317	3	1024	0.0149782989197679	246	11900000	71
20220606 222034	0	0	0	1	hist	lossguide	256	0	1	0.299391665573018	0.205942866781552	8	2	0.0154233078595655	229	13108000	72
20220606 222403	0	0	0	1	hist	lossguide	256	0	1	0.0101275796752238	0.604268847900755	10	1024	0.0149426954166419	243	13610000	73
20220606 222705	0	0	0	1	hist	lossguide	256	0	1	0.0127593175978645	0.20822180149974	10	1024	0.0144112597676517	274	13127000	74
20220606 223115	0	0	0	1	hist	lossguide	256	0	1	0.0100192119461756	0.847161848204634	10	1023	0.0259494894566069	378	11348000	75
20220606 223549	0	0	0	1	hist	lossguide	256	0	1	0.0102912107397879	0.200572327292319	6	1023	0.016110815386386	379	13416000	76
20220606 224107	0	0	0	1	hist	lossguide	256	0	1	0.0101232888618784	0.556726961027909	10	2	0.0149562181900203	2369	13068000	77
20220606 224507	0	0	0	1	hist	lossguide	256	0	1	0.010146247168109	0.636389234341537	6	1022	0.0151055440068115	243	13064000	78
20220606 224815	0	0	0	1	hist	lossguide	256	0	1	0.0100246530859153	0.778050484378318	9	377	0.015043735159974	128	13100000	79
20220606 225154	0	0	0	1	hist	lossguide	256	0	1	0.0100327681665917	0.202725626824265	7	805	0.0136607864792148	245	13136000	80
20220606 225221	0	0	0	1	hist	lossguide	256	0	1	0.155867820714896	0.200205799841878	5	2	0.0147251136053231	113	13008000	81
20220606 225247	0	0	0	1	hist	lossguide	256	0	1	0.269452343424359	0.200026279046526	10	3	0.0148172015920771	106	12942000	82
20220606 225607	0	0	0	1	hist	lossguide	256	0	1	0.0102671517583258	0.625894543882937	4	35	0.0147753137051498	271	13129000	83
20220606 225926	0	0	0	1	hist	lossguide	256	0	1	0.0101366732536417	0.467783798175771	10	386	0.0142305166686124	228	13492000	84
20220606 230322	0	0	0	1	hist	lossguide	256	0	1	0.010280088915949	0.200425742672012	10	994	0.0219876570708342	428	12627000	85
20220606 230700	0	0	0	1	hist	lossguide	256	0	1	0.0100007137664878	0.645636251617421	10	734	0.0151903865080497	286	13464000	86
20220606 231109	0	0	0	1	hist	lossguide	256	0	1	0.0101446220871158	0.911406063207781	8	294	0.0149089308954556	252	13135000	87
20220606 231457	0	0	0	1	hist	lossguide	256	0	1	0.0101833577825633	0.999928130578429	10	405	0.0167974879842275	255	12901000	88
20220606 231711	0	0	0	1	hist	lossguide	256	0	1	0.0202691488919343	0.457027506024204	9	2	0.0151567538820164	850	12910000	89
20220606 232133	0	0	0	1	hist	lossguide	256	0	1	0.0103898472447159	0.20013084987585	6	519	0.0157620379858696	376	13329000	90
20220606 232227	0	0	0	1	hist	lossguide	256	0	1	0.0329869234719012	0.986127025459284	3	23	0.00835735314413108	26	12187000	91
20220606 232604	0	0	0	1	hist	lossguide	256	0	1	0.010819853919372	0.200160724277124	10	538	0.0157843516927705	365	13272000	92
20220606 232936	0	0	0	1	hist	lossguide	256	0	1	0.0104208767230645	0.272532920905098	7	1024	0.0161716681337936	246	12918000	93
20220606 233317	0	0	0	1	hist	lossguide	256	0	1	0.0107273701048132	0.473414064531983	10	3	0.0169933516071809	1218	13423000	94
20220606 233342	0	0	0	1	hist	lossguide	256	0	1	0.191676202627341	0.200066991017726	7	3	0.0195633299982177	90	12570000	95
20220606 233751	0	0	0	1	hist	lossguide	256	0	1	0.0105053832501741	0.879539456164579	4	4	0.014877951610862	1363	13242000	96
20220606 234157	0	0	0	1	hist	lossguide	256	0	1	0.0110927640073935	0.999970926444956	8	2	0.0157216871542428	1757	13076000	97
20220606 234551	0	0	0	1	hist	lossguide	256	0	1	0.0102580964663566	0.615678575709262	7	525	0.0149919478901181	276	13342000	98
20220606 234617	0	0	0	1	hist	lossguide	256	0	1	0.295936843489004	0.624783175341463	8	40	0.0156292731615667	16	11179000	99
20220606 234635	0	0	0	1	hist	lossguide	256	0	1	0.289354086298879	0.477742859153537	10	2	0.00834982342395973	52	11223000	100
20220606 234716	0	0	0	1	hist	lossguide	256	0	1	0.147222842112139	0.879038601370644	8	3	0.0155506820397957	200	13074000	101
20220606 234736	0	0	0	1	hist	lossguide	256	0	1	0.299278376567676	0.999844359620784	5	5	0.0135918763029256	41	12067000	102
20220606 234802	0	0	0	1	hist	lossguide	256	0	1	0.297974254801254	0.999887034146445	10	43	0.0188033024779922	10	11731000	103
20220606 235039	0	0	0	1	hist	lossguide	256	0	1	0.0100052136688823	0.900550602967154	10	1024	0.00836451836863565	37	11969000	104
20220606 235105	0	0	0	1	hist	lossguide	256	0	1	0.299647689386677	0.893108502563627	7	239	0.00837294529587043	3	10011000	105
20220606 235442	0	0	0	1	hist	lossguide	256	0	1	0.0102023906151304	0.600995932887471	4	989	0.00834135262315925	65	12610000	106
20220606 235515	0	0	0	1	hist	lossguide	256	0	1	0.273980864663235	0.200047279403245	6	133	0.00958596371843791	9	10798000	107
20220606 235834	0	0	0	1	hist	lossguide	256	0	1	0.0101006185964423	0.576857332656829	5	558	0.00836865908955597	80	12747000	108
20220606 235908	0	0	0	1	hist	lossguide	256	0	1	0.175020617811286	0.347270520957588	10	2	0.0151547501143226	164	12934000	109
20220607 000351	0	0	0	1	hist	lossguide	256	0	1	0.010036727930393	0.485048170308408	10	266	0.0215416310589098	532	12851000	110
20220607 000537	0	0	0	1	hist	lossguide	256	0	1	0.0257831580087081	0.20014538641912	4	956	0.0148944713506999	74	12965000	111
20220607 000605	0	0	0	1	hist	lossguide	256	0	1	0.299996825658892	0.230687979163642	10	3	0.0200978968059347	72	12466000	112
20220607 001023	0	0	0	1	hist	lossguide	256	0	1	0.0102520852327504	0.587262360892363	7	1012	0.0207645395614608	317	12135000	113
20220607 001540	0	0	0	1	hist	lossguide	256	0	1	0.0101196591805712	0.200858501573002	5	215	0.015000750731023	527	13117000	114
20220607 001611	0	0	0	1	hist	lossguide	256	0	1	0.122880047847673	0.635554312703677	10	999	0.0135486282736861	12	12308000	115
20220607 001737	0	0	0	1	hist	lossguide	256	0	1	0.0237656231344643	0.645153902406623	8	840	0.00834125817730539	15	12013000	116
20220607 001903	0	0	0	1	hist	lossguide	256	0	1	0.0110460131377235	0.661749147636211	3	4	0.00833407805894479	98	11994000	117
20220607 001946	0	0	0	1	hist	lossguide	256	0	1	0.0812224605178995	0.20030611701335	8	873	0.0159353769025651	32	12979000	118
20220607 002335	0	0	0	1	hist	lossguide	256	0	1	0.0101651297213497	0.997514899547456	10	812	0.0128834773688201	286	13181000	119
20220607 002714	0	0	0	1	hist	lossguide	256	0	1	0.0104399982762376	0.999242418092696	10	145	0.0317965686653	241	10205000	120
20220607 003008	0	0	0	1	hist	lossguide	256	0	1	0.010382620784644	0.63084036983334	10	3	0.0275266156743752	771	12225000	121
20220607 003818	0	0	0	1	hist	lossguide	256	0	1	0.0101223527404601	0.83038407620745	10	2	0.0230911376577809	3897	13160000	122
20220607 004522	0	0	0	1	hist	lossguide	256	0	1	0.010289734959085	0.387010445847115	6	3	0.0149231228701537	2776	13710000	123
20220607 004934	0	0	0	1	hist	lossguide	256	0	1	0.010622634558643	0.393803113703313	5	929	0.0155417693546616	298	12542000	124
20220607 005014	0	0	0	1	hist	lossguide	256	0	1	0.0993460057168727	0.288772621629179	6	2	0.015075303504525	162	13039000	125
20220607 005412	0	0	0	1	hist	lossguide	256	0	1	0.0111215826898314	0.999942305398654	4	408	0.0122594869209255	144	12577000	126
20220607 005657	0	0	0	1	hist	lossguide	256	0	1	0.011780727808219	0.47872702171664	6	10	0.015032783636818	494	13368000	127
20220607 010105	0	0	0	1	hist	lossguide	256	0	1	0.0102599883556129	0.620533952794818	4	658	0.0153952177649725	171	12871000	128
